   57.2185936       1.19730341       4.52118444    
   58.8756866       2.11793470       6.43793106    
   60.5327797       3.60376406       9.04004860    
   62.1898727       5.91080475       12.5177288    
   63.8469658       9.36316395       17.0926991    
   65.5040588       14.3502302       23.0158043    
   67.1611481       21.3143272       30.5612926    
   68.8182449       30.7274284       40.0173378    
   70.4753342       43.0564156       51.6719131    
   72.1324310       58.7194099       65.7948227    
   73.7895203       78.0353012       82.6149750    
   75.4466171       101.173370       102.295532    
   77.1037064       128.106918       124.906326    
   78.7608032       158.579758       150.398315    
   80.4178925       192.088058       178.579468    
   82.0749817       227.884766       209.098267    
   83.7320786       265.005005       241.434891    
   85.3891754       302.312775       274.903320    
   87.0462646       338.565582       308.666840    
   88.7033539       372.490845       341.767212    
   90.3604507       402.866058       373.165375    
   92.0175476       428.595581       401.793274    
   93.6746368       448.778595       426.613098    
   95.3317261       462.760468       446.679565    
   96.9888153       470.164246       461.198975    
   98.6459122       470.901489       469.581573    
   100.303009       465.162445       471.480835    
   101.960098       453.388123       466.817810    
   103.617188       436.228424       455.786255    
   105.274284       414.490326       438.839050    
   106.931381       389.082275       416.657928    
   108.588470       360.958679       390.107697    
   110.245560       331.068085       360.180145    
   111.902657       300.309113       327.933014    
   113.559753       269.496185       294.429260    
   115.216843       239.334457       260.679749    
   116.873932       210.404694       227.595673    
   118.531029       183.158447       195.952499    
   120.188126       157.920624       166.367294    
   121.845215       134.897964       139.288666    
   123.502304       114.191963       114.998985    
   125.159393       95.8151779       93.6273193    
   126.816498       79.7079391       75.1693268    
   128.473587       65.7560730       59.5127449    
   130.130676       53.8058548       46.4632607    
   131.787766       43.6789436       35.7717171    
   133.444870       35.1843147       27.1580830    
   135.101959       28.1284122       20.3324604    
   136.759048       22.3223324       15.0110502    
   138.416138       17.5877151       10.9285526    
   140.073227       13.7603340       7.84593344    
   141.730331       10.6922503       5.55463552    
   143.387421       8.25279236       3.87791419    
   145.044510       6.32835007       2.66975403    
   146.701599       4.82172298       1.81248605    
   148.358704       3.65087938       1.21340811    
   150.015793       2.74750686      0.801070988    
   151.672882       2.05533838      0.521513462    
   153.329971       1.52857816      0.334803879    
   154.987076       1.13032937      0.211955115    
   156.644165      0.831171870      0.132321239    
