   58.0471420               4
   59.7042313               1
   61.3613281               8
   63.0184174              10
   64.6755142              13
   66.3326035              17
   67.9897003              25
   69.6467896              45
   71.3038788              54
   72.9609756              71
   74.6180725              92
   76.2751617             113
   77.9322510             121
   79.5893478             181
   81.2464371             185
   82.9035339             233
   84.5606232             280
   86.2177200             351
   87.8748093             341
   89.5319061             396
   91.1889954             415
   92.8460922             419
   94.5031815             452
   96.1602707             470
   97.8173676             506
   99.4744568             479
   101.131554             411
   102.788643             441
   104.445740             442
   106.102829             413
   107.759926             416
   109.417015             333
   111.074112             332
   112.731201             297
   114.388298             263
   116.045387             223
   117.702484             191
   119.359573             156
   121.016670             152
   122.673759             126
   124.330849             104
   125.987946              85
   127.645042              60
   129.302124              57
   130.959229              44
   132.616318              32
   134.273407              43
   135.930511              18
   137.587585              20
   139.244690              20
   140.901779              13
   142.558868               4
   144.215973               6
   145.873047               2
   147.530151               3
   149.187256               0
   150.844330               4
   152.501434               3
   154.158524               2
   155.815613               2
