28451
2224
103
4825
2953
3693
11998
1685
5531
8171
1834
9351
847
8521
3739
19295
2823
1622
3139
904
239
7602
2295
1041
21723
3872
5184
22455
1867
2961
4818
541
4638
9194
676
2103
3458
4311
377
7617
4699
11820
8846
5838
1608
63
7878
12434
8032
687
592
3126
11840
755
18436
1375
6909
2914
14001
1454
3973
17398
3692
817
5133
6120
11967
4788
14452
31801
1691
1677
8183
8257
14474
9652
4523
7346
2181
1764
184
3340
5169
608
2671
3815
10239
797
5614
1038
1317
2279
6640
15353
4436
830
20262
17799
9375
12313
11530
6685
6529
6788
1349
3084
1397
364
6
5908
2976
9100
18710
16673
8624
32
8537
16432
1065
1407
9751
5157
2522
3519
1277
13755
7832
3370
5832
1742
1223
4603
3286
2787
3122
12725
6550
182
37494
3981
9476
3580
9101
1624
2236
8644
7825
15702
23701
4125
4382
2133
10932
3297
7051
6140
11258
1170
1796
3092
1796
15354
2738
11245
17287
3111
4422
4595
10400
15133
1051
111
2502
1761
109
5905
10005
777
1613
3490
2797
6
1754
7269
3099
13368
8137
210
12772
3919
5190
1350
8119
170
718
8352
2863
4041
445
3957
5376
7047
