   1.8872950147837401E-002          92   9.59166336    
   5.6498410429805510E-002          44   6.63324976    
   9.4123870711773625E-002          30   5.47722578    
  0.13174933099374175               15   3.87298346    
  0.16937479127570987               11   3.31662488    
  0.20700025155767798                4   2.00000000    
  0.24462571183964610                1   1.00000000    
  0.28225117212161421                1   1.00000000    
  0.31987663240358233                1   1.00000000    
  0.35750209268555044                1   1.00000000    
