   2.9999999329447746E-002  -408.33978378140631     
   3.0089999327436088E-002  -407.72422595302709     
   3.0179999325424433E-002  -407.11394689616287     
   3.0269999323412775E-002  -406.50889544228636     
   3.0359999321401120E-002  -405.90902104984895     
   3.0449999319389461E-002  -405.31427379481823     
   3.0539999317377806E-002  -404.72460436138374     
   3.0629999315366148E-002  -404.13996403283045     
   3.0719999313354493E-002  -403.56030468257546     
   3.0809999311342835E-002  -402.98557876536427     
   3.0899999309331180E-002  -402.41573930862313     
   3.0989999307319521E-002  -401.85073990396558     
   3.1079999305307866E-002  -401.29053469884866     
   3.1169999303296208E-002  -400.73507838837617     
   3.1259999301284550E-002  -400.18432620724514     
   3.1349999299272895E-002  -399.63823392183491     
   3.1439999297261240E-002  -399.09675782243289     
   3.1529999295249578E-002  -398.55985471559694     
   3.1619999293237923E-002  -398.02748191664961     
   3.1709999291226268E-002  -397.49959724230206     
   3.1799999289214613E-002  -396.97615900340651     
   3.1889999287202951E-002  -396.45712599783224     
   3.1979999285191296E-002  -395.94245750346425     
   3.2069999283179641E-002  -395.43211327132281     
   3.2159999281167986E-002  -394.92605351879786     
   3.2249999279156324E-002  -394.42423892300206     
   3.2339999277144670E-002  -393.92663061423332     
   3.2429999275133015E-002  -393.43319016955047     
   3.2519999273121360E-002  -392.94387960645571     
   3.2609999271109698E-002  -392.45866137668435     
   3.2699999269098043E-002  -391.97749836009814     
   3.2789999267086388E-002  -391.50035385868188     
   3.2879999265074733E-002  -391.02719159063821     
   3.2969999263063071E-002  -390.55797568458308     
   3.3059999261051416E-002  -390.09267067383587     
   3.3149999259039761E-002  -389.63124149080460     
   3.3239999257028099E-002  -389.17365346146426     
   3.3329999255016445E-002  -388.71987229992482     
   3.3419999253004790E-002  -388.26986410308996     
   3.3509999250993135E-002  -387.82359534540205     
   3.3599999248981473E-002  -387.38103287367403     
   3.3689999246969818E-002  -386.94214390200364     
   3.3779999244958163E-002  -386.50689600677282     
   3.3869999242946508E-002  -386.07525712172594     
   3.3959999240934846E-002  -385.64719553312841     
   3.4049999238923191E-002  -385.22267987500373     
   3.4139999236911536E-002  -384.80167912444631     
   3.4229999234899881E-002  -384.38416259700944     
   3.4319999232888219E-002  -383.97009994216796     
   3.4409999230876565E-002  -383.55946113885199     
   3.4499999228864910E-002  -383.15221649105246     
   3.4589999226853255E-002  -382.74833662349675     
   3.4679999224841593E-002  -382.34779247739124     
   3.4769999222829938E-002  -381.95055530623250     
   3.4859999220818283E-002  -381.55659667168408     
   3.4949999218806621E-002  -381.16588843951780     
   3.5039999216794966E-002  -380.77840277561774     
   3.5129999214783311E-002  -380.39411214204927     
   3.5219999212771656E-002  -380.01298929318602     
   3.5309999210759994E-002  -379.63500727189921     
   3.5399999208748339E-002  -379.26013940580572     
   3.5489999206736685E-002  -378.88835930357362     
   3.5579999204725030E-002  -378.51964085128520     
   3.5669999202713368E-002  -378.15395820885527     
   3.5759999200701713E-002  -377.79128580650513     
   3.5849999198690058E-002  -377.43159834129045     
   3.5939999196678403E-002  -377.07487077368205     
   3.6029999194666741E-002  -376.72107832419772     
   3.6119999192655086E-002  -376.37019647008782     
   3.6209999190643431E-002  -376.02220094206757     
   3.6299999188631776E-002  -375.67706772110245     
   3.6389999186620114E-002  -375.33477303523938     
   3.6479999184608460E-002  -374.99529335648600     
   3.6569999182596805E-002  -374.65860539773848     
   3.6659999180585143E-002  -374.32468610975337     
   3.6749999178573488E-002  -373.99351267816536     
   3.6839999176561833E-002  -373.66506252054990     
   3.6929999174550178E-002  -373.33931328352890     
   3.7019999172538516E-002  -373.01624283991998     
   3.7109999170526861E-002  -372.69582928592644     
   3.7199999168515206E-002  -372.37805093837136     
   3.7289999166503551E-002  -372.06288633196942     
   3.7379999164491889E-002  -371.75031421664079     
   3.7469999162480234E-002  -371.44031355486396     
   3.7559999160468580E-002  -371.13286351906640     
   3.7649999158456918E-002  -370.82794348905475     
   3.7739999156445263E-002  -370.52553304948117     
   3.7829999154433608E-002  -370.22561198734689     
   3.7919999152421953E-002  -369.92816028954229     
   3.8009999150410298E-002  -369.63315814042164     
   3.8099999148398636E-002  -369.34058591941391     
   3.8189999146386981E-002  -369.05042419866697     
   3.8279999144375326E-002  -368.76265374072625     
   3.8369999142363664E-002  -368.47725549624602     
   3.8459999140352009E-002  -368.19421060173386     
   3.8549999138340355E-002  -367.91350037732758     
   3.8639999136328700E-002  -367.63510632460253     
   3.8729999134317045E-002  -367.35901012441155     
   3.8819999132305383E-002  -367.08519363475403     
   3.8909999130293728E-002  -366.81363888867565     
   3.8999999128282073E-002  -366.54432809219867     
   3.9089999126270411E-002  -366.27724362228054     
   3.9179999124258756E-002  -366.01236802479912     
   3.9269999122247101E-002  -365.74968401257058     
   3.9359999120235439E-002  -365.48917446339061     
   3.9449999118223784E-002  -365.23082241810584     
   3.9539999116212129E-002  -364.97461107870987     
   3.9629999114200475E-002  -364.72052380646824     
   3.9719999112188820E-002  -364.46854412006678     
   3.9809999110177158E-002  -364.21865569378690     
   3.9899999108165503E-002  -363.97084235570605     
   3.9989999106153848E-002  -363.72508808592283     
   4.0079999104142186E-002  -363.48137701480545     
   4.0169999102130531E-002  -363.23969342126594     
   4.0259999100118876E-002  -363.00002173105656     
   4.0349999098107221E-002  -362.76234651508969     
   4.0439999096095566E-002  -362.52665248778135     
   4.0529999094083904E-002  -362.29292450541601     
   4.0619999092072250E-002  -362.06114756453360     
   4.0709999090060595E-002  -361.83130680034071     
   4.0799999088048933E-002  -361.60338748513954     
   4.0889999086037278E-002  -361.37737502678056     
   4.0979999084025623E-002  -361.15325496713479     
   4.1069999082013961E-002  -360.93101298058741     
   4.1159999080002306E-002  -360.71063487255060     
   4.1249999077990651E-002  -360.49210657799688     
   4.1339999075978996E-002  -360.27541416001162     
   4.1429999073967341E-002  -360.06054380836491     
   4.1519999071955679E-002  -359.84748183810240     
   4.1609999069944024E-002  -359.63621468815450     
   4.1699999067932370E-002  -359.42672891996455     
   4.1789999065920708E-002  -359.21901121613439     
   4.1879999063909053E-002  -359.01304837908776     
   4.1969999061897398E-002  -358.80882732975232     
   4.2059999059885736E-002  -358.60633510625718     
   4.2149999057874081E-002  -358.40555886264877     
   4.2239999055862426E-002  -358.20648586762309     
   4.2329999053850771E-002  -358.00910350327433     
   4.2419999051839116E-002  -357.81339926385942     
   4.2509999049827454E-002  -357.61936075457965     
   4.2599999047815799E-002  -357.42697569037688     
   4.2689999045804145E-002  -357.23623189474597     
   4.2779999043792483E-002  -357.04711729856211     
   4.2869999041780828E-002  -356.85961993892312     
   4.2959999039769173E-002  -356.67372795800827     
   4.3049999037757518E-002  -356.48942960194785     
   4.3139999035745863E-002  -356.30671321971261     
   4.3229999033734201E-002  -356.12556726201160     
   4.3319999031722546E-002  -355.94598028020818     
   4.3409999029710891E-002  -355.76794092524926     
   4.3499999027699229E-002  -355.59143794660497     
   4.3589999025687574E-002  -355.41646019122641     
   4.3679999023675919E-002  -355.24299660251273     
   4.3769999021664258E-002  -355.07103621929264     
   4.3859999019652603E-002  -354.90056817481974     
   4.3949999017640948E-002  -354.73158169577840     
   4.4039999015629293E-002  -354.56406610130398     
   4.4129999013617638E-002  -354.39801080201397     
   4.4219999011605976E-002  -354.23340529905170     
   4.4309999009594321E-002  -354.07023918314178     
   4.4399999007582666E-002  -353.90850213365826     
   4.4489999005571004E-002  -353.74818391770259     
   4.4579999003559349E-002  -353.58927438919409     
   4.4669999001547694E-002  -353.43176348797181     
   4.4759998999536039E-002  -353.27564123890710     
   4.4849998997524385E-002  -353.12089775102663     
   4.4939998995512723E-002  -352.96752321664695     
   4.5029998993501068E-002  -352.81550791051990     
   4.5119998991489413E-002  -352.66484218898654     
   4.5209998989477751E-002  -352.51551648914449     
   4.5299998987466096E-002  -352.36752132802235     
   4.5389998985454441E-002  -352.22084730176601     
   4.5479998983442779E-002  -352.07548508483455     
   4.5569998981431124E-002  -351.93142542920555     
   4.5659998979419469E-002  -351.78865916358961     
   4.5749998977407814E-002  -351.64717719265610     
   4.5839998975396160E-002  -351.50697049626530     
   4.5929998973384498E-002  -351.36803012871292     
   4.6019998971372843E-002  -351.23034721798143     
   4.6109998969361188E-002  -351.09391296500155     
   4.6199998967349526E-002  -350.95871864292138     
   4.6289998965337871E-002  -350.82475559638630     
   4.6379998963326216E-002  -350.69201524082507     
   4.6469998961314554E-002  -350.56048906174607     
   4.6559998959302906E-002  -350.43016861404089     
   4.6649998957291244E-002  -350.30104552129711     
   4.6739998955279589E-002  -350.17311147511816     
   4.6829998953267934E-002  -350.04635823445244     
   4.6919998951256273E-002  -349.92077762492869     
   4.7009998949244618E-002  -349.79636153820053     
   4.7099998947232963E-002  -349.67310193129879     
   4.7189998945221301E-002  -349.55099082598986     
   4.7279998943209653E-002  -349.43002030814330     
   4.7369998941197991E-002  -349.31018252710612     
   4.7459998939186336E-002  -349.19146969508336     
   4.7549998937174681E-002  -349.07387408652818     
   4.7639998935163019E-002  -348.95738803753653     
   4.7729998933151364E-002  -348.84200394525050     
   4.7819998931139709E-002  -348.72771426726814     
   4.7909998929128048E-002  -348.61451152105911     
   4.7999998927116393E-002  -348.50238828338922     
   4.8089998925104738E-002  -348.39133718974904     
   4.8179998923093076E-002  -348.28135093379120     
   4.8269998921081428E-002  -348.17242226677240     
   4.8359998919069766E-002  -348.06454399700334     
   4.8449998917058111E-002  -347.95770898930374     
   4.8539998915046456E-002  -347.85191016446419     
   4.8629998913034794E-002  -347.74714049871415     
   4.8719998911023139E-002  -347.64339302319547     
   4.8809998909011484E-002  -347.54066082344184     
   4.8899998906999823E-002  -347.43893703886584     
   4.8989998904988175E-002  -347.33821486224866     
   4.9079998902976513E-002  -347.23848753923841     
   4.9169998900964858E-002  -347.13974836785303     
   4.9259998898953203E-002  -347.04199069798784     
   4.9349998896941541E-002  -346.94520793093056     
   4.9439998894929886E-002  -346.84939351887965     
   4.9529998892918231E-002  -346.75454096446987     
   4.9619998890906569E-002  -346.66064382030243     
   4.9709998888894914E-002  -346.56769568847864     
   4.9799998886883259E-002  -346.47569022014278     
   4.9889998884871598E-002  -346.38462111502565     
   4.9979998882859950E-002  -346.29448212099589     
   5.0069998880848288E-002  -346.20526703361543     
   5.0159998878836633E-002  -346.11696969570005     
   5.0249998876824978E-002  -346.02958399688430     
   5.0339998874813316E-002  -345.94310387319166     
   5.0429998872801661E-002  -345.85752330660898     
   5.0519998870790006E-002  -345.77283632466663     
   5.0609998868778344E-002  -345.68903700002153     
   5.0699998866766696E-002  -345.60611945004649     
   5.0789998864755034E-002  -345.52407783642252     
   5.0879998862743379E-002  -345.44290636473659     
   5.0969998860731724E-002  -345.36259928408361     
   5.1059998858720063E-002  -345.28315088667227     
   5.1149998856708408E-002  -345.20455550743497     
   5.1239998854696753E-002  -345.12680752364327     
   5.1329998852685091E-002  -345.04990135452618     
   5.1419998850673436E-002  -344.97383146089265     
   5.1509998848661781E-002  -344.89859234475909     
   5.1599998846650119E-002  -344.82417854897949     
   5.1689998844638471E-002  -344.75058465688085     
   5.1779998842626809E-002  -344.67780529190173     
   5.1869998840615154E-002  -344.60583511723456     
   5.1959998838603499E-002  -344.53466883547230     
   5.2049998836591838E-002  -344.46430118825828     
   5.2139998834580183E-002  -344.39472695594037     
   5.2229998832568528E-002  -344.32594095722800     
   5.2319998830556866E-002  -344.25793804885438     
   5.2409998828545218E-002  -344.19071312523937     
   5.2499998826533556E-002  -344.12426111815910     
   5.2589998824521894E-002  -344.05857699641751     
   5.2679998822510246E-002  -343.99365576552134     
   5.2769998820498584E-002  -343.92949246735827     
   5.2859998818486929E-002  -343.86608217987953     
   5.2949998816475274E-002  -343.80342001678486     
   5.3039998814463613E-002  -343.74150112721071     
   5.3129998812451958E-002  -343.68032069542295     
   5.3219998810440303E-002  -343.61987394051062     
   5.3309998808428641E-002  -343.56015611608478     
   5.3399998806416993E-002  -343.50116250998008     
   5.3489998804405331E-002  -343.44288844395817     
   5.3579998802393676E-002  -343.38532927341578     
   5.3669998800382021E-002  -343.32848038709506     
   5.3759998798370359E-002  -343.27233720679686     
   5.3849998796358704E-002  -343.21689518709718     
   5.3939998794347049E-002  -343.16214981506596     
   5.4029998792335387E-002  -343.10809660999007     
   5.4119998790323733E-002  -343.05473112309716     
   5.4209998788312078E-002  -343.00204893728460     
   5.4299998786300416E-002  -342.95004566684912     
   5.4389998784288768E-002  -342.89871695722036     
   5.4479998782277106E-002  -342.84805848469688     
   5.4569998780265451E-002  -342.79806595618493     
   5.4659998778253796E-002  -342.74873510893917     
   5.4749998776242134E-002  -342.70006171030781     
   5.4839998774230479E-002  -342.65204155747750     
   5.4929998772218824E-002  -342.60467047722375     
   5.5019998770207162E-002  -342.55794432566114     
   5.5109998768195514E-002  -342.51185898799957     
   5.5199998766183853E-002  -342.46641037829738     
   5.5289998764172198E-002  -342.42159443922372     
   5.5379998762160543E-002  -342.37740714181797     
   5.5469998760148881E-002  -342.33384448525379     
   5.5559998758137226E-002  -342.29090249660578     
   5.5649998756125571E-002  -342.24857723061672     
   5.5739998754113909E-002  -342.20686476946963     
   5.5829998752102254E-002  -342.16576122255975     
   5.5919998750090599E-002  -342.12526272627025     
   5.6009998748078937E-002  -342.08536544374931     
   5.6099998746067289E-002  -342.04606556469031     
   5.6189998744055628E-002  -342.00735930511240     
   5.6279998742043973E-002  -341.96924290714674     
   5.6369998740032318E-002  -341.93171263881925     
   5.6459998738020656E-002  -341.89476479384194     
   5.6549998736009001E-002  -341.85839569140103     
   5.6639998733997346E-002  -341.82260167595012     
   5.6729998731985684E-002  -341.78737911700438     
   5.6819998729974036E-002  -341.75272440893650     
   5.6909998727962374E-002  -341.71863397077516     
   5.6999998725950719E-002  -341.68510424600549     
   5.7089998723939064E-002  -341.65213170237047     
   5.7179998721927403E-002  -341.61971283167571     
   5.7269998719915748E-002  -341.58784414959530     
   5.7359998717904093E-002  -341.55652219547903     
   5.7449998715892431E-002  -341.52574353216283     
   5.7539998713880776E-002  -341.49550474577973     
   5.7629998711869121E-002  -341.46580244557310     
   5.7719998709857459E-002  -341.43663326371217     
   5.7809998707845811E-002  -341.40799385510854     
   5.7899998705834149E-002  -341.37988089723513     
   5.7989998703822494E-002  -341.35229108994537     
   5.8079998701810839E-002  -341.32522115529690     
   5.8169998699799177E-002  -341.29866783737396     
   5.8259998697787523E-002  -341.27262790211341     
   5.8349998695775868E-002  -341.24709813713150     
   5.8439998693764206E-002  -341.22207535155258     
   5.8529998691752558E-002  -341.19755637583933     
   5.8619998689740896E-002  -341.17353806162498     
   5.8709998687729241E-002  -341.15001728154584     
   5.8799998685717586E-002  -341.12699092907775     
   5.8889998683705924E-002  -341.10445591837146     
   5.8979998681694269E-002  -341.08240918409126     
   5.9069998679682614E-002  -341.06084768125368     
   5.9159998677670952E-002  -341.03976838507054     
   5.9249998675659298E-002  -341.01916829078942     
   5.9339998673647643E-002  -340.99904441353880     
   5.9429998671635981E-002  -340.97939378817352     
   5.9519998669624333E-002  -340.96021346912141     
   5.9609998667612671E-002  -340.94150053023156     
   5.9699998665601016E-002  -340.92325206462425     
   5.9789998663589361E-002  -340.90546518454249     
   5.9879998661577699E-002  -340.88813702120319     
   5.9969998659566044E-002  -340.87126472465241     
   6.0059998657554389E-002  -340.85484546362011     
   6.0149998655542727E-002  -340.83887642537610     
   6.0239998653531079E-002  -340.82335481558880     
   6.0329998651519418E-002  -340.80827785818337     
   6.0419998649507763E-002  -340.79364279520286     
   6.0509998647496108E-002  -340.77944688666969     
   6.0599998645484446E-002  -340.76568741044844     
   6.0689998643472791E-002  -340.75236166211005     
   6.0779998641461136E-002  -340.73946695479759     
   6.0869998639449474E-002  -340.72700061909228     
   6.0959998637437819E-002  -340.71496000288175     
   6.1049998635426164E-002  -340.70334247122901     
   6.1139998633414502E-002  -340.69214540624256     
   6.1229998631402854E-002  -340.68136620694781     
   6.1319998629391193E-002  -340.67100228915979     
   6.1409998627379538E-002  -340.66105108535623     
   6.1499998625367883E-002  -340.65151004455282     
   6.1589998623356221E-002  -340.64237663217972     
   6.1679998621344566E-002  -340.63364832995688     
   6.1769998619332911E-002  -340.62532263577413     
   6.1859998617321256E-002  -340.61739706356877     
   6.1949998615309594E-002  -340.60986914320716     
   6.2039998613297939E-002  -340.60273642036509     
   6.2129998611286284E-002  -340.59599645641049     
   6.2219998609274622E-002  -340.58964682828719     
   6.2309998607262967E-002  -340.58368512839871     
   6.2399998605251313E-002  -340.57810896449433     
   6.2489998603239658E-002  -340.57291595955536     
   6.2579998601227996E-002  -340.56810375168277     
   6.2669998599216348E-002  -340.56366999398500     
   6.2759998597204686E-002  -340.55961235446875     
   6.2849998595193024E-002  -340.55592851592758     
   6.2939998593181362E-002  -340.55261617583517     
   6.3029998591169714E-002  -340.54967304623619     
   6.3119998589158066E-002  -340.54709685364026     
   6.3209998587146404E-002  -340.54488533891600     
   6.3299998585134742E-002  -340.54303625718615     
   6.3389998583123081E-002  -340.54154737772353     
   6.3479998581111433E-002  -340.54041648384799     
   6.3569998579099785E-002  -340.53964137282412     
   6.3659998577088123E-002  -340.53921985576000     
   6.3749998575076461E-002  -340.53914975750700     
   6.3839998573064799E-002  -340.53942891655970     
   6.3929998571053137E-002  -340.54005518495734     
   6.4019998569041489E-002  -340.54102642818674     
   6.4109998567029841E-002  -340.54234052508394     
   6.4199998565018179E-002  -340.54399536773872     
   6.4289998563006517E-002  -340.54598886139922     
   6.4379998560994856E-002  -340.54831892437727     
   6.4469998558983208E-002  -340.55098348795474     
   6.4559998556971560E-002  -340.55398049629042     
   6.4649998554959898E-002  -340.55730790632754     
   6.4739998552948236E-002  -340.56096368770329     
   6.4829998550936574E-002  -340.56494582265708     
   6.4919998548924926E-002  -340.56925230594186     
   6.5009998546913264E-002  -340.57388114473360     
   6.5099998544901616E-002  -340.57883035854439     
   6.5189998542889954E-002  -340.58409797913379     
   6.5279998540878292E-002  -340.58968205042248     
   6.5369998538866630E-002  -340.59558062840614     
   6.5459998536854982E-002  -340.60179178106949     
   6.5549998534843334E-002  -340.60831358830234     
   6.5639998532831673E-002  -340.61514414181505     
   6.5729998530820011E-002  -340.62228154505550     
   6.5819998528808349E-002  -340.62972391312616     
   6.5909998526796701E-002  -340.63746937270281     
   6.5999998524785039E-002  -340.64551606195255     
   6.6089998522773391E-002  -340.65386213045372     
   6.6179998520761729E-002  -340.66250573911589     
   6.6269998518750067E-002  -340.67144506010089     
   6.6359998516738405E-002  -340.68067827674321     
   6.6449998514726757E-002  -340.69020358347393     
   6.6539998512715109E-002  -340.70001918574127     
   6.6629998510703448E-002  -340.71012329993545     
   6.6719998508691786E-002  -340.72051415331259     
   6.6809998506680124E-002  -340.73118998391794     
   6.6899998504668476E-002  -340.74214904051325     
   6.6989998502656814E-002  -340.75338958250023     
   6.7079998500645166E-002  -340.76490987984931     
   6.7169998498633504E-002  -340.77670821302479     
   6.7259998496621842E-002  -340.78878287291337     
   6.7349998494610180E-002  -340.80113216075250     
   6.7439998492598532E-002  -340.81375438805867     
   6.7529998490586884E-002  -340.82664787655699     
   6.7619998488575223E-002  -340.83981095811112     
   6.7709998486563561E-002  -340.85324197465388     
   6.7799998484551899E-002  -340.86693927811842     
   6.7889998482540251E-002  -340.88090123036949     
   6.7979998480528603E-002  -340.89512620313570     
   6.8069998478516941E-002  -340.90961257794288     
   6.8159998476505279E-002  -340.92435874604627     
   6.8249998474493617E-002  -340.93936310836494     
   6.8339998472481969E-002  -340.95462407541635     
   6.8429998470470307E-002  -340.97014006725078     
   6.8519998468458659E-002  -340.98590951338696     
   6.8609998466446998E-002  -341.00193085274731     
   6.8699998464435336E-002  -341.01820253359523     
   6.8789998462423674E-002  -341.03472301347210     
   6.8879998460412026E-002  -341.05149075913334     
   6.8969998458400378E-002  -341.06850424648758     
   6.9059998456388716E-002  -341.08576196053491     
   6.9149998454377054E-002  -341.10326239530497     
   6.9239998452365392E-002  -341.12100405379755     
   6.9329998450353744E-002  -341.13898544792107     
   6.9419998448342082E-002  -341.15720509843391     
   6.9509998446330434E-002  -341.17566153488463     
   6.9599998444318772E-002  -341.19435329555370     
   6.9689998442307111E-002  -341.21327892739470     
   6.9779998440295449E-002  -341.23243698597685     
   6.9869998438283801E-002  -341.25182603542754     
   6.9959998436272153E-002  -341.27144464837500     
   7.0049998434260491E-002  -341.29129140589259     
   7.0139998432248829E-002  -341.31136489744205     
   7.0229998430237167E-002  -341.33166372081848     
   7.0319998428225519E-002  -341.35218648209423     
   7.0409998426213857E-002  -341.37293179556531     
   7.0499998424202209E-002  -341.39389828369605     
   7.0589998422190547E-002  -341.41508457706601     
   7.0679998420178886E-002  -341.43648931431596     
   7.0769998418167224E-002  -341.45811114209482     
   7.0859998416155576E-002  -341.47994871500703     
   7.0949998414143928E-002  -341.50200069556058     
   7.1039998412132266E-002  -341.52426575411488     
   7.1129998410120604E-002  -341.54674256882919     
   7.1219998408108942E-002  -341.56942982561185     
   7.1309998406097294E-002  -341.59232621806893     
   7.1399998404085646E-002  -341.61543044745497     
   7.1489998402073984E-002  -341.63874122262251     
   7.1579998400062322E-002  -341.66225725997248     
   7.1669998398050661E-002  -341.68597728340455     
   7.1759998396039013E-002  -341.70990002426970     
   7.1849998394027351E-002  -341.73402422132068     
   7.1939998392015703E-002  -341.75834862066444     
   7.2029998390004041E-002  -341.78287197571399     
   7.2119998387992379E-002  -341.80759304714212     
   7.2209998385980717E-002  -341.83251060283260     
   7.2299998383969069E-002  -341.85762341783578     
   7.2389998381957421E-002  -341.88293027432070     
   7.2479998379945759E-002  -341.90842996152992     
   7.2569998377934097E-002  -341.93412127573350     
   7.2659998375922435E-002  -341.96000302018422     
   7.2749998373910787E-002  -341.98607400507251     
   7.2839998371899126E-002  -342.01233304748177     
   7.2929998369887478E-002  -342.03877897134430     
   7.3019998367875816E-002  -342.06541060739778     
   7.3109998365864154E-002  -342.09222679314036     
   7.3199998363852492E-002  -342.11922637278946     
   7.3289998361840844E-002  -342.14640819723712     
   7.3379998359829196E-002  -342.17377112400811     
   7.3469998357817534E-002  -342.20131401721790     
   7.3559998355805872E-002  -342.22903574753008     
   7.3649998353794210E-002  -342.25693519211529     
   7.3739998351782562E-002  -342.28501123460916     
   7.3829998349770901E-002  -342.31326276507195     
   7.3919998347759253E-002  -342.34168867994782     
   7.4009998345747591E-002  -342.37028788202360     
   7.4099998343735929E-002  -342.39905928038962     
   7.4189998341724267E-002  -342.42800179039887     
   7.4279998339712619E-002  -342.45711433362874     
   7.4369998337700971E-002  -342.48639583784018     
   7.4459998335689309E-002  -342.51584523693998     
   7.4549998333677647E-002  -342.54546147094175     
   7.4639998331665985E-002  -342.57524348592671     
   7.4729998329654337E-002  -342.60519023400707     
   7.4819998327642689E-002  -342.63530067328674     
   7.4909998325631028E-002  -342.66557376782453     
   7.4999998323619366E-002  -342.69600848759632     
   7.5089998321607704E-002  -342.72660380845889     
   7.5179998319596042E-002  -342.75735871211231     
   7.5269998317584394E-002  -342.78827218606347     
   7.5359998315572746E-002  -342.81934322359058     
   7.5449998313561084E-002  -342.85057082370639     
   7.5539998311549422E-002  -342.88195399112271     
   7.5629998309537760E-002  -342.91349173621495     
   7.5719998307526112E-002  -342.94518307498754     
   7.5809998305514464E-002  -342.97702702903797     
   7.5899998303502803E-002  -343.00902262552205     
   7.5989998301491141E-002  -343.04116889712111     
   7.6079998299479479E-002  -343.07346488200534     
   7.6169998297467831E-002  -343.10590962380184     
   7.6259998295456169E-002  -343.13850217155999     
   7.6349998293444521E-002  -343.17124157971790     
   7.6439998291432859E-002  -343.20412690806978     
   7.6529998289421197E-002  -343.23715722173188     
   7.6619998287409535E-002  -343.27033159111079     
   7.6709998285397887E-002  -343.30364909187085     
   7.6799998283386239E-002  -343.33710880490059     
   7.6889998281374577E-002  -343.37070981628193     
   7.6979998279362916E-002  -343.40445121725821     
   7.7069998277351254E-002  -343.43833210420155     
   7.7159998275339606E-002  -343.47235157858262     
   7.7249998273327944E-002  -343.50650874693889     
   7.7339998271316296E-002  -343.54080272084377     
   7.7429998269304634E-002  -343.57523261687550     
   7.7519998267292972E-002  -343.60979755658747     
   7.7609998265281310E-002  -343.64449666647693     
   7.7699998263269662E-002  -343.67932907795540     
   7.7789998261258014E-002  -343.71429392731898     
   7.7879998259246352E-002  -343.74939035571776     
   7.7969998257234691E-002  -343.78461750912760     
   7.8059998255223029E-002  -343.81997453831980     
   7.8149998253211381E-002  -343.85546059883262     
   7.8239998251199719E-002  -343.89107485094195     
   7.8329998249188071E-002  -343.92681645963296     
   7.8419998247176409E-002  -343.96268459457190     
   7.8509998245164747E-002  -343.99867843007718     
   7.8599998243153085E-002  -344.03479714509132     
   7.8689998241141437E-002  -344.07103992315393     
   7.8779998239129789E-002  -344.10740595237303     
   7.8869998237118127E-002  -344.14389442539789     
   7.8959998235106466E-002  -344.18050453939225     
   7.9049998233094804E-002  -344.21723549600597     
   7.9139998231083156E-002  -344.25408650134943     
   7.9229998229071508E-002  -344.29105676596589     
   7.9319998227059846E-002  -344.32814550480526     
   7.9409998225048184E-002  -344.36535193719766     
   7.9499998223036522E-002  -344.40267528682688     
   7.9589998221024874E-002  -344.44011478170557     
   7.9679998219013212E-002  -344.47766965414735     
   7.9769998217001564E-002  -344.51533914074309     
   7.9859998214989902E-002  -344.55312248233417     
   7.9949998212978240E-002  -344.59101892398775     
   8.0039998210966579E-002  -344.62902771497130     
   8.0129998208954931E-002  -344.66714810872799     
   8.0219998206943283E-002  -344.70537936285126     
   8.0309998204931621E-002  -344.74372073906090     
   8.0399998202919959E-002  -344.78217150317795     
   8.0489998200908297E-002  -344.82073092510092     
   8.0579998198896649E-002  -344.85939827878121     
   8.0669998196884987E-002  -344.89817284219902     
   8.0759998194873339E-002  -344.93705389734043     
   8.0849998192861677E-002  -344.97604073017220     
   8.0939998190850015E-002  -345.01513263061992     
   8.1029998188838354E-002  -345.05432889254354     
   8.1119998186826706E-002  -345.09362881371447     
   8.1209998184815058E-002  -345.13303169579297     
   8.1299998182803396E-002  -345.17253684430426     
   8.1389998180791734E-002  -345.21214356861680     
   8.1479998178780072E-002  -345.25185118191928     
   8.1569998176768424E-002  -345.29165900119835     
   8.1659998174756762E-002  -345.33156634721576     
   8.1749998172745114E-002  -345.37157254448749     
   8.1839998170733452E-002  -345.41167692126004     
   8.1929998168721790E-002  -345.45187880949032     
   8.2019998166710129E-002  -345.49217754482243     
   8.2109998164698481E-002  -345.53257246656756     
   8.2199998162686833E-002  -345.57306291768134     
   8.2289998160675171E-002  -345.61364824474310     
   8.2379998158663509E-002  -345.65432779793514     
   8.2469998156651847E-002  -345.69510093102093     
   8.2559998154640199E-002  -345.73596700132487     
   8.2649998152628551E-002  -345.77692536971125     
   8.2739998150616889E-002  -345.81797540056408     
   8.2829998148605227E-002  -345.85911646176578     
   8.2919998146593565E-002  -345.90034792467816     
   8.3009998144581917E-002  -345.94166916412109     
   8.3099998142570256E-002  -345.98307955835332     
   8.3189998140558608E-002  -346.02457848905158     
   8.3279998138546946E-002  -346.06616534129193     
   8.3369998136535284E-002  -346.10783950352959     
   8.3459998134523622E-002  -346.14960036757896     
   8.3549998132511974E-002  -346.19144732859519     
   8.3639998130500326E-002  -346.23337978505390     
   8.3729998128488664E-002  -346.27539713873284     
   8.3819998126477002E-002  -346.31749879469254     
   8.3909998124465340E-002  -346.35968416125723     
   8.3999998122453692E-002  -346.40195264999676     
   8.4089998120442030E-002  -346.44430367570681     
   8.4179998118430382E-002  -346.48673665639160     
   8.4269998116418721E-002  -346.52925101324439     
   8.4359998114407059E-002  -346.57184617062995     
   8.4449998112395397E-002  -346.61452155606634     
   8.4539998110383749E-002  -346.65727660020622     
   8.4629998108372101E-002  -346.70011073681940     
   8.4719998106360439E-002  -346.74302340277529     
   8.4809998104348777E-002  -346.78601403802463     
   8.4899998102337115E-002  -346.82908208558177     
   8.4989998100325467E-002  -346.87222699150811     
   8.5079998098313805E-002  -346.91544820489378     
   8.5169998096302157E-002  -346.95874517784068     
   8.5259998094290496E-002  -347.00211736544583     
   8.5349998092278834E-002  -347.04556422578321     
   8.5439998090267172E-002  -347.08908521988815     
   8.5529998088255524E-002  -347.13267981173937     
   8.5619998086243876E-002  -347.17634746824319     
   8.5709998084232214E-002  -347.22008765921606     
   8.5799998082220552E-002  -347.26389985736870     
   8.5889998080208890E-002  -347.30778353828941     
   8.5979998078197242E-002  -347.35173818042779     
   8.6069998076185594E-002  -347.39576326507887     
   8.6159998074173932E-002  -347.43985827636624     
   8.6249998072162271E-002  -347.48402270122693     
   8.6339998070150609E-002  -347.52825602939527     
   8.6429998068138947E-002  -347.57255775338632     
   8.6519998066127299E-002  -347.61692736848187     
   8.6609998064115651E-002  -347.66136437271274     
   8.6699998062103989E-002  -347.70586826684519     
   8.6789998060092327E-002  -347.75043855436428     
   8.6879998058080665E-002  -347.79507474145919     
   8.6969998056069017E-002  -347.83977633700766     
   8.7059998054057369E-002  -347.88454285256142     
   8.7149998052045707E-002  -347.92937380233013     
   8.7239998050034046E-002  -347.97426870316792     
   8.7329998048022384E-002  -348.01922707455719     
   8.7419998046010736E-002  -348.06424843859503     
   8.7509998043999074E-002  -348.10933231997751     
   8.7599998041987426E-002  -348.15447824598596     
   8.7689998039975764E-002  -348.19968574647191     
   8.7779998037964102E-002  -348.24495435384353     
   8.7869998035952440E-002  -348.29028360305011     
   8.7959998033940792E-002  -348.33567303156934     
   8.8049998031929144E-002  -348.38112217939192     
   8.8139998029917482E-002  -348.42663058900848     
   8.8229998027905820E-002  -348.47219780539484     
   8.8319998025894159E-002  -348.51782337599894     
   8.8409998023882511E-002  -348.56350685072658     
   8.8499998021870849E-002  -348.60924778192816     
   8.8589998019859201E-002  -348.65504572438442     
   8.8679998017847539E-002  -348.70090023529355     
   8.8769998015835877E-002  -348.74681087425762     
   8.8859998013824215E-002  -348.79277720326911     
   8.8949998011812567E-002  -348.83879878669779     
   8.9039998009800919E-002  -348.88487519127773     
   8.9129998007789257E-002  -348.93100598609334     
   8.9219998005777595E-002  -348.97719074256776     
   8.9309998003765934E-002  -349.02342903444867     
   8.9399998001754286E-002  -349.06972043779615     
   8.9489997999742624E-002  -349.11606453096937     
   8.9579997997730976E-002  -349.16246089461464     
   8.9669997995719314E-002  -349.20890911165213     
   8.9759997993707652E-002  -349.25540876726348     
   8.9849997991695990E-002  -349.30195944887987     
   8.9939997989684342E-002  -349.34856074616823     
   9.0029997987672694E-002  -349.39521225102101     
   9.0119997985661032E-002  -349.44191355754208     
   9.0209997983649370E-002  -349.48866426203529     
   9.0299997981637709E-002  -349.53546396299282     
   9.0389997979626061E-002  -349.58231226108205     
   9.0479997977614413E-002  -349.62920875913534     
   9.0569997975602751E-002  -349.67615306213565     
   9.0659997973591089E-002  -349.72314477720727     
   9.0749997971579427E-002  -349.77018351360289     
   9.0839997969567779E-002  -349.81726888269179     
   9.0929997967556117E-002  -349.86440049794834     
   9.1019997965544469E-002  -349.91157797494111     
   9.1109997963532807E-002  -349.95880093132075     
   9.1199997961521145E-002  -350.00606898680900     
   9.1289997959509483E-002  -350.05338176318685     
   9.1379997957497835E-002  -350.10073888428406     
   9.1469997955486188E-002  -350.14813997596730     
   9.1559997953474526E-002  -350.19558466612949     
   9.1649997951462864E-002  -350.24307258467849     
   9.1739997949451202E-002  -350.29060336352626     
   9.1829997947439554E-002  -350.33817663657794     
   9.1919997945427892E-002  -350.38579203972103     
   9.2009997943416244E-002  -350.43344921081439     
   9.2099997941404582E-002  -350.48114778967749     
   9.2189997939392920E-002  -350.52888741808079     
   9.2279997937381258E-002  -350.57666773973341     
   9.2369997935369610E-002  -350.62448840027395     
   9.2459997933357962E-002  -350.67234904725962     
   9.2549997931346301E-002  -350.72024933015547     
   9.2639997929334639E-002  -350.76818890032462     
   9.2729997927322977E-002  -350.81616741101817     
   9.2819997925311329E-002  -350.86418451736364     
   9.2909997923299667E-002  -350.91223987635630     
   9.2999997921288019E-002  -350.96033314684871     
   9.3089997919276357E-002  -351.00846398954025     
   9.3179997917264695E-002  -351.05663206696676     
   9.3269997915253047E-002  -351.10483704349241     
   9.3359997913241385E-002  -351.15307858529769     
   9.3449997911229724E-002  -351.20135636037134     
   9.3539997909218076E-002  -351.24967003849940     
   9.3629997907206414E-002  -351.29801929125563     
   9.3719997905194766E-002  -351.34640379199323     
   9.3809997903183104E-002  -351.39482321583324     
   9.3899997901171442E-002  -351.44327723965665     
   9.3989997899159794E-002  -351.49176554209441     
   9.4079997897148132E-002  -351.54028780351729     
   9.4169997895136470E-002  -351.58884370602800     
   9.4259997893124822E-002  -351.63743293345021     
   9.4349997891113160E-002  -351.68605517132119     
   9.4439997889101499E-002  -351.73471010688093     
   9.4529997887089851E-002  -351.78339742906360     
   9.4619997885078189E-002  -351.83211682848912     
   9.4709997883066541E-002  -351.88086799745315     
   9.4799997881054879E-002  -351.92965062991868     
   9.4889997879043217E-002  -351.97846442150700     
   9.4979997877031569E-002  -352.02730906948869     
   9.5069997875019907E-002  -352.07618427277470     
   9.5159997873008245E-002  -352.12508973190847     
   9.5249997870996597E-002  -352.17402514905586     
   9.5339997868984935E-002  -352.22299022799757     
   9.5429997866973287E-002  -352.27198467411989     
   9.5519997864961625E-002  -352.32100819440637     
   9.5609997862949964E-002  -352.37006049742956     
   9.5699997860938316E-002  -352.41914129334168     
   9.5789997858926654E-002  -352.46825029386747     
   9.5879997856914992E-002  -352.51738721229475     
   9.5969997854903344E-002  -352.56655176346663     
   9.6059997852891682E-002  -352.61574366377300     
   9.6149997850880020E-002  -352.66496263114249     
   9.6239997848868372E-002  -352.71420838503423     
   9.6329997846856710E-002  -352.76348064642974     
   9.6419997844845062E-002  -352.81277913782452     
   9.6509997842833400E-002  -352.86210358322040     
   9.6599997840821739E-002  -352.91145370811807     
   9.6689997838810091E-002  -352.96082923950740     
   9.6779997836798429E-002  -353.01022990586142     
   9.6869997834786767E-002  -353.05965543712773     
   9.6959997832775119E-002  -353.10910556471993     
   9.7049997830763457E-002  -353.15858002151163     
   9.7139997828751809E-002  -353.20807854182658     
   9.7229997826740147E-002  -353.25760086143310     
   9.7319997824728485E-002  -353.30714671753464     
   9.7409997822716837E-002  -353.35671584876349     
   9.7499997820705175E-002  -353.40630799517243     
   9.7589997818693514E-002  -353.45592289822764     
   9.7679997816681866E-002  -353.50556030080133     
   9.7769997814670204E-002  -353.55521994716378     
   9.7859997812658542E-002  -353.60490158297637     
   9.7949997810646894E-002  -353.65460495528441     
   9.8039997808635232E-002  -353.70432981250963     
   9.8129997806623584E-002  -353.75407590444246     
   9.8219997804611922E-002  -353.80384298223589     
   9.8309997802600260E-002  -353.85363079839715     
   9.8399997800588612E-002  -353.90343910678149     
   9.8489997798576950E-002  -353.95326766258449     
   9.8579997796565288E-002  -354.00311622233545     
   9.8669997794553641E-002  -354.05298454389015     
   9.8759997792541979E-002  -354.10287238642360     
   9.8849997790530331E-002  -354.15277951042395     
   9.8939997788518669E-002  -354.20270567768478     
   9.9029997786507007E-002  -354.25265065129832     
   9.9119997784495359E-002  -354.30261419564920     
   9.9209997782483697E-002  -354.35259607640734     
   9.9299997780472035E-002  -354.40259606052098     
   9.9389997778460387E-002  -354.45261391621034     
   9.9479997776448725E-002  -354.50264941296086     
   9.9569997774437063E-002  -354.55270232151639     
   9.9659997772425415E-002  -354.60277241387320     
   9.9749997770413754E-002  -354.65285946327214     
   9.9839997768402106E-002  -354.70296324419405     
   9.9929997766390444E-002  -354.75308353235135     
  0.10001999776437878       -354.80322010468279     
  0.10010999776236713       -354.85337273934670     
  0.10019999776035547       -354.90354121571499     
  0.10028999775834381       -354.95372531436550     
  0.10037999775633216       -355.00392481707803     
  0.10046999775432050       -355.05413950682572     
  0.10055999775230885       -355.10436916776985     
  0.10064999775029719       -355.15461358525408     
  0.10073999774828553       -355.20487254579751     
  0.10082999774627388       -355.25514583708946     
  0.10091999774426222       -355.30543324798185     
  0.10100999774225056       -355.35573456848465     
  0.10109999774023891       -355.40604958975939     
  0.10118999773822725       -355.45637810411290     
  0.10127999773621559       -355.50671990499166     
  0.10136999773420394       -355.55707478697548     
  0.10145999773219228       -355.60744254577196     
  0.10154999773018063       -355.65782297821124     
  0.10163999772816897       -355.70821588223822     
  0.10172999772615730       -355.75862105690948     
  0.10181999772414566       -355.80903830238481     
  0.10190999772213399       -355.85946741992342     
  0.10199999772012233       -355.90990821187762     
  0.10208999771811068       -355.96036048168702     
  0.10217999771609902       -356.01082403387250     
  0.10226999771408737       -356.06129867403206     
  0.10235999771207571       -356.11178420883311     
  0.10244999771006405       -356.16228044600939     
  0.10253999770805240       -356.21278719435293     
  0.10262999770604074       -356.26330426371084     
  0.10271999770402908       -356.31383146497785     
  0.10280999770201743       -356.36436861009275     
  0.10289999770000577       -356.41491551203177     
  0.10298999769799411       -356.46547198480351     
  0.10307999769598246       -356.51603784344326     
  0.10316999769397080       -356.56661290400893     
  0.10325999769195915       -356.61719698357456     
  0.10334999768994749       -356.66778990022533     
  0.10343999768793583       -356.71839147305241     
  0.10352999768592418       -356.76900152214813     
  0.10361999768391252       -356.81961986860034     
  0.10370999768190085       -356.87024633448738     
  0.10379999767988921       -356.92088074287318     
  0.10388999767787754       -356.97152291780236     
  0.10397999767586588       -357.02217268429416     
  0.10406999767385423       -357.07282986833883     
  0.10415999767184257       -357.12349429689124     
  0.10424999766983092       -357.17416579786754     
  0.10433999766781926       -357.22484420013865     
  0.10442999766580760       -357.27552933352592     
  0.10451999766379595       -357.32622102879668     
  0.10460999766178429       -357.37691911765904     
  0.10469999765977263       -357.42762343275672     
  0.10478999765776098       -357.47833380766480     
  0.10487999765574932       -357.52905007688452     
  0.10496999765373767       -357.57977207583889     
  0.10505999765172601       -357.63049964086775     
  0.10514999764971435       -357.68123260922289     
  0.10523999764770270       -357.73197081906392     
  0.10532999764569104       -357.78271410945285     
  0.10541999764367938       -357.83346232035041     
  0.10550999764166773       -357.88421529261046     
  0.10559999763965607       -357.93497286797594     
  0.10568999763764440       -357.98573488907442     
  0.10577999763563276       -358.03650119941341     
  0.10586999763362109       -358.08727164337563     
  0.10595999763160945       -358.13804606621505     
  0.10604999762959778       -358.18882431405171     
  0.10613999762758612       -358.23960623386802     
  0.10622999762557447       -358.29039167350402     
  0.10631999762356281       -358.34118048165283     
  0.10640999762155115       -358.39197250785685     
  0.10649999761953950       -358.44276760250250     
  0.10658999761752784       -358.49356561681662     
  0.10667999761551619       -358.54436640286258     
  0.10676999761350453       -358.59516981353465     
  0.10685999761149287       -358.64597570255472     
  0.10694999760948122       -358.69678392446860     
  0.10703999760746956       -358.74759433463987     
  0.10712999760545790       -358.79840678924808     
  0.10721999760344625       -358.84922114528280     
  0.10730999760143459       -358.90003726054050     
  0.10739999759942293       -358.95085499362011     
  0.10748999759741128       -359.00167420391824     
  0.10757999759539962       -359.05249475162674     
  0.10766999759338797       -359.10331649772701     
  0.10775999759137631       -359.15413930398699     
  0.10784999758936464       -359.20496303295675     
  0.10793999758735300       -359.25578754796436     
  0.10802999758534133       -359.30661271311271     
  0.10811999758332967       -359.35743839327432     
  0.10820999758131802       -359.40826445408851     
  0.10829999757930636       -359.45909076195704     
  0.10838999757729471       -359.50991718404055     
  0.10847999757528305       -359.56074358825373     
  0.10856999757327139       -359.61156984326311     
  0.10865999757125974       -359.66239581848157     
  0.10874999756924808       -359.71322138406589     
  0.10883999756723642       -359.76404641091193     
  0.10892999756522477       -359.81487077065168     
  0.10901999756321311       -359.86569433564915     
  0.10910999756120145       -359.91651697899624     
  0.10919999755918980       -359.96733857451005     
  0.10928999755717814       -360.01815899672852     
  0.10937999755516649       -360.06897812090682     
  0.10946999755315483       -360.11979582301359     
  0.10955999755114317       -360.17061197972760     
  0.10964999754913152       -360.22142646843452     
  0.10973999754711986       -360.27223916722238     
  0.10982999754510819       -360.32304995487851     
  0.10991999754309655       -360.37385871088634     
  0.11000999754108488       -360.42466531542124     
  0.11009999753907324       -360.47546964934742     
  0.11018999753706157       -360.52627159421428     
  0.11027999753504991       -360.57707103225312     
  0.11036999753303826       -360.62786784637331     
  0.11045999753102660       -360.67866192015941     
  0.11054999752901494       -360.72945313786732     
  0.11063999752700329       -360.78024138442049     
  0.11072999752499163       -360.83102654540829     
  0.11081999752297997       -360.88180850708011     
  0.11090999752096832       -360.93258715634414     
  0.11099999751895666       -360.98336238076269     
  0.11108999751694501       -361.03413406854992     
  0.11117999751493335       -361.08490210856792     
  0.11126999751292169       -361.13566639032302     
  0.11135999751091004       -361.18642680396385     
  0.11144999750889838       -361.23718324027675     
  0.11153999750688671       -361.28793559068350     
  0.11162999750487507       -361.33868374723727     
  0.11171999750286341       -361.38942760262046     
  0.11180999750085176       -361.44016705014036     
  0.11189999749884010       -361.49090198372716     
  0.11198999749682843       -361.54163229792965     
  0.11207999749481679       -361.59235788791301     
  0.11216999749280512       -361.64307864945539     
  0.11225999749079346       -361.69379447894465     
  0.11234999748878181       -361.74450527337564     
  0.11243999748677015       -361.79521093034657     
  0.11252999748475849       -361.84591134805657     
  0.11261999748274684       -361.89660642530231     
  0.11270999748073518       -361.94729606147541     
  0.11279999747872353       -361.99798015655858     
  0.11288999747671187       -362.04865861112359     
  0.11297999747470021       -362.09933132632773     
  0.11306999747268856       -362.14999820391103     
  0.11315999747067690       -362.20065914619317     
  0.11324999746866524       -362.25131405607112     
  0.11333999746665359       -362.30196283701565     
  0.11342999746464193       -362.35260539306807     
  0.11351999746263028       -362.40324162883888     
  0.11360999746061862       -362.45387144950291     
  0.11369999745860696       -362.50449476079820     
  0.11378999745659531       -362.55511146902211     
  0.11387999745458365       -362.60572148102921     
  0.11396999745257198       -362.65632470422759     
  0.11405999745056034       -362.70692104657678     
  0.11414999744854867       -362.75751041658486     
  0.11423999744653701       -362.80809272330612     
  0.11432999744452536       -362.85866787633677     
  0.11441999744251370       -362.90923578581396     
  0.11450999744050205       -362.95979636241242     
  0.11459999743849039       -363.01034951734141     
  0.11468999743647873       -363.06089516234255     
  0.11477999743446708       -363.11143320968665     
  0.11486999743245542       -363.16196357217166     
  0.11495999743044376       -363.21248616311937     
  0.11504999742843211       -363.26300089637311     
  0.11513999742642045       -363.31350768629568     
  0.11522999742440879       -363.36400644776529     
  0.11531999742239714       -363.41449709617439     
  0.11540999742038548       -363.46497954742631     
  0.11549999741837383       -363.51545371793304     
  0.11558999741636217       -363.56591952461281     
  0.11567999741435050       -363.61637688488662     
  0.11576999741233886       -363.66682571667724     
  0.11585999741032720       -363.71726593840492     
  0.11594999740831553       -363.76769746898657     
  0.11603999740630389       -363.81812022783248     
  0.11612999740429222       -363.86853413484317     
  0.11621999740228058       -363.91893911040836     
  0.11630999740026891       -363.96933507540354     
  0.11639999739825725       -364.01972195118771     
  0.11648999739624560       -364.07009965960083     
  0.11657999739423394       -364.12046812296234     
  0.11666999739222228       -364.17082726406710     
  0.11675999739021063       -364.22117700618435     
  0.11684999738819897       -364.27151727305511     
  0.11693999738618731       -364.32184798888903     
  0.11702999738417566       -364.37216907836319     
  0.11711999738216400       -364.42248046661882     
  0.11720999738015235       -364.47278207925945     
  0.11729999737814069       -364.52307384234831     
  0.11738999737612903       -364.57335568240643     
  0.11747999737411738       -364.62362752640996     
  0.11756999737210572       -364.67388930178777     
  0.11765999737009405       -364.72414093642010     
  0.11774999736808241       -364.77438235863474     
  0.11783999736607075       -364.82461349720631     
  0.11792999736405910       -364.87483428135346     
  0.11801999736204744       -364.92504464073585     
  0.11810999736003577       -364.97524450545336     
  0.11819999735802413       -365.02543380604288     
  0.11828999735601246       -365.07561247347650     
  0.11837999735400080       -365.12578043915920     
  0.11846999735198915       -365.17593763492658     
  0.11855999734997749       -365.22608399304312     
  0.11864999734796583       -365.27621944619949     
  0.11873999734595418       -365.32634392751095     
  0.11882999734394252       -365.37645737051474     
  0.11891999734193087       -365.42655970916815     
  0.11900999733991921       -365.47665087784668     
  0.11909999733790755       -365.52673081134134     
  0.11918999733589590       -365.57679944485744     
  0.11927999733388424       -365.62685671401152     
  0.11936999733187258       -365.67690255482984     
  0.11945999732986093       -365.72693690374666     
  0.11954999732784927       -365.77695969760111     
  0.11963999732583762       -365.82697087363670     
  0.11972999732382596       -365.87697036949771     
  0.11981999732181429       -365.92695812322825     
  0.11990999731980265       -365.97693407326989     
