   1.9999999552965164E-002   96.749022270398882     
   2.0099999550729990E-002   96.348524655478016     
   2.0199999548494815E-002   95.945651119607007     
   2.0299999546259641E-002   95.540500375247476     
   2.0399999544024466E-002   95.133169219594066     
   2.0499999541789292E-002   94.723752551655693     
   2.0599999539554117E-002   94.312343390307305     
   2.0699999537318946E-002   93.899032893225225     
   2.0799999535083772E-002   93.483910376624024     
   2.0899999532848598E-002   93.067063335717506     
   2.0999999530613423E-002   92.648577465831622     
   2.1099999528378249E-002   92.228536684099311     
   2.1199999526143074E-002   91.807023151674429     
   2.1299999523907900E-002   91.384117296402295     
   2.1399999521672725E-002   90.959897835891141     
   2.1499999519437551E-002   90.534441800929770     
   2.1599999517202376E-002   90.107824559201418     
   2.1699999514967202E-002   89.680119839246913     
   2.1799999512732027E-002   89.251399754632018     
   2.1899999510496856E-002   88.821734828278466     
   2.1999999508261682E-002   88.391194016918604     
   2.2099999506026508E-002   87.959844735638924     
   2.2199999503791333E-002   87.527752882476975     
   2.2299999501556159E-002   87.094982863041395     
   2.2399999499320984E-002   86.661597615124492     
   2.2499999497085810E-002   86.227658633280797     
   2.2599999494850635E-002   85.793225993345629     
   2.2699999492615461E-002   85.358358376869987     
   2.2799999490380286E-002   84.923113095450304     
   2.2899999488145112E-002   84.487546114932059     
   2.2999999485909937E-002   84.051712079468956     
   2.3099999483674763E-002   83.615664335420306     
   2.3199999481439589E-002   83.179454955070952     
   2.3299999479204418E-002   82.743134760157901     
   2.3399999476969243E-002   82.306753345192689     
   2.3499999474734069E-002   81.870359100564258     
   2.3599999472498894E-002   81.433999235413893     
   2.3699999470263720E-002   80.997719800270431     
   2.3799999468028545E-002   80.561565709437247     
   2.3899999465793371E-002   80.125580763123068     
   2.3999999463558196E-002   79.689807669308536     
   2.4099999461323022E-002   79.254288065342607     
   2.4199999459087847E-002   78.819062539262873     
   2.4299999456852676E-002   78.384170650834591     
   2.4399999454617502E-002   77.949650952304268     
   2.4499999452382328E-002   77.515541008863579     
   2.4599999450147153E-002   77.081877418821350     
   2.4699999447911979E-002   76.648695833479962     
   2.4799999445676804E-002   76.216030976714777     
   2.4899999443441630E-002   75.783916664254576     
   2.4999999441206455E-002   75.352385822662470     
   2.5099999438971281E-002   74.921470508015574     
   2.5199999436736106E-002   74.491201924283843     
   2.5299999434500932E-002   74.061610441408206     
   2.5399999432265757E-002   73.632725613077454     
   2.5499999430030583E-002   73.204576194205771     
   2.5599999427795408E-002   72.777190158110798     
   2.5699999425560234E-002   72.350594713394159     
   2.5799999423325063E-002   71.924816320525906     
   2.5899999421089889E-002   71.499880708134214     
   2.5999999418854714E-002   71.075812889002464     
   2.6099999416619540E-002   70.652637175776292     
   2.6199999414384365E-002   70.230377196382150     
   2.6299999412149191E-002   69.809055909160492     
   2.6399999409914016E-002   69.388695617715911     
   2.6499999407678842E-002   68.969317985487379     
   2.6599999405443667E-002   68.550944050040655     
   2.6699999403208493E-002   68.133594237087166     
   2.6799999400973322E-002   67.717288374231188     
   2.6899999398738147E-002   67.302045704449441     
   2.6999999396502973E-002   66.887884899306101     
   2.7099999394267799E-002   66.474824071906141     
   2.7199999392032624E-002   66.062880789591446     
   2.7299999389797450E-002   65.652072086382219     
   2.7399999387562275E-002   65.242414475167735     
   2.7499999385327101E-002   64.833923959649610     
   2.7599999383091926E-002   64.426616046041858     
   2.7699999380856752E-002   64.020505754530376     
   2.7799999378621577E-002   63.615607630496882     
   2.7899999376386403E-002   63.211935755509003     
   2.7999999374151228E-002   62.809503758082613     
   2.8099999371916054E-002   62.408324824217708     
   2.8199999369680880E-002   62.008411707713350     
   2.8299999367445705E-002   61.609776740264088     
   2.8399999365210531E-002   61.212431841342621     
   2.8499999362975360E-002   60.816388527871034     
   2.8599999360740185E-002   60.421657923685736     
   2.8699999358505011E-002   60.028250768798181     
   2.8799999356269836E-002   59.636177428456605     
   2.8899999354034662E-002   59.245447902010739     
   2.8999999351799487E-002   58.856071831584252     
   2.9099999349564316E-002   58.468058510557853     
   2.9199999347329142E-002   58.081416891866752     
   2.9299999345093967E-002   57.696155596115823     
   2.9399999342858793E-002   57.312282919516001     
   2.9499999340623619E-002   56.929806841645103     
   2.9599999338388444E-002   56.548735033036778     
   2.9699999336153270E-002   56.169074862600588     
   2.9799999333918095E-002   55.790833404876679     
   2.9899999331682921E-002   55.414017447127947     
   2.9999999329447746E-002   55.038633496273583     
   3.0099999327212572E-002   54.664687785666267     
   3.0199999324977397E-002   54.292186281716894     
   3.0299999322742223E-002   53.921134690369456     
   3.0399999320507048E-002   53.551538463429161     
   3.0499999318271874E-002   53.183402804746947     
   3.0599999316036700E-002   52.816732676263250     
   3.0699999313801525E-002   52.451532803913651     
   3.0799999311566351E-002   52.087807683399717     
   3.0899999309331176E-002   51.725561585827535     
   3.0999999307096005E-002   51.364798563216731     
   3.1099999304860831E-002   51.005522453882868     
   3.1199999302625656E-002   50.647736887695345     
   3.1299999300390485E-002   50.291445291214465     
   3.1399999298155304E-002   49.936650892709046     
   3.1499999295920136E-002   49.583356727057847     
   3.1599999293684962E-002   49.231565640537447     
   3.1699999291449787E-002   48.881280295498080     
   3.1799999289214613E-002   48.532503174931243     
   3.1899999286979439E-002   48.185236586929719     
   3.1999999284744264E-002   47.839482669044330     
   3.2099999282509090E-002   47.495243392537603     
   3.2199999280273915E-002   47.152520566538492     
   3.2299999278038741E-002   46.811315842098921     
   3.2399999275803566E-002   46.471630716154912     
   3.2499999273568392E-002   46.133466535394696     
   3.2599999271333217E-002   45.796824500035179     
   3.2699999269098043E-002   45.461705667509101     
   3.2799999266862868E-002   45.128110956065377     
   3.2899999264627694E-002   44.796041148283500     
   3.2999999262392520E-002   44.465496894505179     
   3.3099999260157345E-002   44.136478716183753     
   3.3199999257922171E-002   43.808987009154563     
   3.3299999255686996E-002   43.483022046827003     
   3.3399999253451822E-002   43.158583983300623     
   3.3499999251216647E-002   42.835672856406688     
   3.3599999248981480E-002   42.514288590677261     
   3.3699999246746298E-002   42.194431000243164     
   3.3799999244511131E-002   41.876099791662220     
   3.3899999242275949E-002   41.559294566680087     
   3.3999999240040782E-002   41.244014824924697     
   3.4099999237805607E-002   40.930259966535814     
   3.4199999235570433E-002   40.618029294731357     
   3.4299999233335259E-002   40.307322018312220     
   3.4399999231100084E-002   39.998137254106318     
   3.4499999228864910E-002   39.690474029354007     
   3.4599999226629735E-002   39.384331284035817     
   3.4699999224394561E-002   39.079707873143754     
   3.4799999222159386E-002   38.776602568898106     
   3.4899999219924212E-002   38.475014062910134     
   3.4999999217689037E-002   38.174940968292674     
   3.5099999215453863E-002   37.876381821719534     
   3.5199999213218688E-002   37.579335085434892     
   3.5299999210983514E-002   37.283799149213827     
   3.5399999208748339E-002   36.989772332275422     
   3.5499999206513165E-002   36.697252885149382     
   3.5599999204277991E-002   36.406238991496863     
   3.5699999202042823E-002   36.116728769887537     
   3.5799999199807642E-002   35.828720275533101     
   3.5899999197572474E-002   35.542211501978194     
   3.5999999195337293E-002   35.257200382751037     
   3.6099999193102125E-002   34.973684792972783     
   3.6199999190866944E-002   34.691662550928235     
   3.6299999188631776E-002   34.411131419597879     
   3.6399999186396595E-002   34.132089108152947     
   3.6499999184161427E-002   33.854533273413196     
   3.6599999181926246E-002   33.578461521269851     
   3.6699999179691078E-002   33.303871408073128     
   3.6799999177455897E-002   33.030760441986288     
   3.6899999175220730E-002   32.759126084306118     
   3.6999999172985555E-002   32.488965750751433     
   3.7099999170750381E-002   32.220276812719874     
   3.7199999168515206E-002   31.953056598513886     
   3.7299999166280032E-002   31.687302394536740     
   3.7399999164044857E-002   31.423011446459189     
   3.7499999161809683E-002   31.160180960357675     
   3.7599999159574508E-002   30.898808103824383     
   3.7699999157339334E-002   30.638890007050293     
   3.7799999155104159E-002   30.380423763881613     
   3.7899999152868985E-002   30.123406432850320     
   3.7999999150633811E-002   29.867835038179329     
   3.8099999148398636E-002   29.613706570763203     
   3.8199999146163469E-002   29.361017989124750     
   3.8299999143928287E-002   29.109766220348057     
   3.8399999141693120E-002   28.859948160988701     
   3.8499999139457938E-002   28.611560677961894     
   3.8599999137222771E-002   28.364600609408321     
   3.8699999134987589E-002   28.119064765539488     
   3.8799999132752422E-002   27.874949929461572     
   3.8899999130517240E-002   27.632252857979871     
   3.8999999128282073E-002   27.390970282382774     
   3.9099999126046892E-002   27.151098909207384     
   3.9199999123811724E-002   26.912635420985559     
   3.9299999121576543E-002   26.675576476972470     
   3.9399999119341375E-002   26.439918713856688     
   3.9499999117106201E-002   26.205658746453476     
   3.9599999114871026E-002   25.972793168380839     
   3.9699999112635852E-002   25.741318552718990     
   3.9799999110400677E-002   25.511231452654094     
   3.9899999108165503E-002   25.282528402105928     
   3.9999999105930328E-002   25.055205916340558     
   4.0099999103695154E-002   24.829260492567894     
   4.0199999101459979E-002   24.604688610524708     
   4.0299999099224805E-002   24.381486733043701     
   4.0399999096989631E-002   24.159651306608538     
   4.0499999094754456E-002   23.939178761895434     
   4.0599999092519282E-002   23.720065514301673     
   4.0699999090284114E-002   23.502307964461320     
   4.0799999088048933E-002   23.285902498748506     
   4.0899999085813765E-002   23.070845489768324     
   4.0999999083578584E-002   22.857133296836238     
   4.1099999081343416E-002   22.644762266445504     
   4.1199999079108235E-002   22.433728732723793     
   4.1299999076873067E-002   22.224029017878397     
   4.1399999074637886E-002   22.015659432631132     
   4.1499999072402718E-002   21.808616276642400     
   4.1599999070167537E-002   21.602895838925551     
   4.1699999067932370E-002   21.398494398250854     
   4.1799999065697188E-002   21.195408223540284     
   4.1899999063462021E-002   20.993633574252478     
   4.1999999061226846E-002   20.793166700758860     
   4.2099999058991672E-002   20.594003844710667     
   4.2199999056756497E-002   20.396141239397164     
   4.2299999054521323E-002   20.199575110095729     
   4.2399999052286148E-002   20.004301674413224     
   4.2499999050050974E-002   19.810317142619645     
   4.2599999047815799E-002   19.617617717973790     
   4.2699999045580625E-002   19.426199597041219     
   4.2799999043345451E-002   19.236058970004933     
   4.2899999041110276E-002   19.047192020968581     
   4.2999999038875102E-002   18.859594928252772     
   4.3099999036639927E-002   18.673263864684305     
   4.3199999034404760E-002   18.488194997878853     
   4.3299999032169578E-002   18.304384490517055     
   4.3399999029934411E-002   18.121828500614086     
   4.3499999027699229E-002   17.940523181783188     
   4.3599999025464062E-002   17.760464683493048     
   4.3699999023228880E-002   17.581649151319350     
   4.3799999020993713E-002   17.404072727190371     
   4.3899999018758531E-002   17.227731549627396     
   4.3999999016523364E-002   17.052621753979047     
   4.4099999014288183E-002   16.878739472650953     
   4.4199999012053015E-002   16.706080835329765     
   4.4299999009817834E-002   16.534641969202330     
   4.4399999007582666E-002   16.364418999169839     
   4.4499999005347492E-002   16.195408048057359     
   4.4599999003112317E-002   16.027605236818435     
   4.4699999000877143E-002   15.861006684735349     
   4.4799998998641968E-002   15.695608509614861     
   4.4899998996406794E-002   15.531406827979595     
   4.4999998994171619E-002   15.368397755255318     
   4.5099998991936445E-002   15.206577405953981     
   4.5199998989701271E-002   15.045941893852881     
   4.5299998987466096E-002   14.886487332169855     
   4.5399998985230922E-002   14.728209833734692     
   4.5499998982995747E-002   14.571105511156853     
   4.5599998980760573E-002   14.415170476989623     
   4.5699998978525405E-002   14.260400843890606     
   4.5799998976290224E-002   14.106792724779048     
   4.5899998974055056E-002   13.954342232989497     
   4.5999998971819875E-002   13.803045482422577     
   4.6099998969584707E-002   13.652898587692190     
   4.6199998967349526E-002   13.503897664270099     
   4.6299998965114358E-002   13.356038828626968     
   4.6399998962879177E-002   13.209318198370958     
   4.6499998960644010E-002   13.063731892383132     
   4.6599998958408828E-002   12.919276030950240     
   4.6699998956173661E-002   12.775946735894657     
   4.6799998953938479E-002   12.633740130701890     
   4.6899998951703312E-002   12.492652340645158     
   4.6999998949468137E-002   12.352679492907855     
   4.7099998947232963E-002   12.213817716703238     
   4.7199998944997788E-002   12.076063143391840     
   4.7299998942762614E-002   11.939411906596632     
   4.7399998940527439E-002   11.803860142315719     
   4.7499998938292265E-002   11.669403989033013     
   4.7599998936057090E-002   11.536039587826600     
   4.7699998933821916E-002   11.403763082475068     
   4.7799998931586742E-002   11.272570619561737     
   4.7899998929351567E-002   11.142458348576927     
   4.7999998927116393E-002   11.013422422018211     
   4.8099998924881218E-002   10.885458995488801     
   4.8199998922646051E-002   10.758564227794029     
   4.8299998920410869E-002   10.632734281036083     
   4.8399998918175702E-002   10.507965320706814     
   4.8499998915940520E-002   10.384253515779038     
   4.8599998913705353E-002   10.261595038795923     
   4.8699998911470171E-002   10.139986065958865     
   4.8799998909235004E-002   10.019422777213681     
   4.8899998906999823E-002   9.8999013563353220     
   4.8999998904764655E-002   9.7814179910108692     
   4.9099998902529474E-002   9.6639688729212843     
   4.9199998900294306E-002   9.5475501978214385     
   4.9299998898059125E-002   9.4321581656189366     
   4.9399998895823957E-002   9.3177889804513079     
   4.9499998893588783E-002   9.2044388507621093     
   4.9599998891353608E-002   9.0921039893754134     
   4.9699998889118434E-002   8.9807806135692392     
   4.9799998886883259E-002   8.8704649451475177     
   4.9899998884648085E-002   8.7611532105109156     
   4.9999998882412910E-002   8.6528416407264448     
   5.0099998880177736E-002   8.5455264715958350     
   5.0199998877942562E-002   8.4392039437227702     
   5.0299998875707387E-002   8.3338703025789798     
   5.0399998873472213E-002   8.2295217985692357     
   5.0499998871237038E-002   8.1261546870952337     
   5.0599998869001864E-002   8.0237652286184247     
   5.0699998866766696E-002   7.9223496887218143     
   5.0799998864531515E-002   7.8219043381707518     
   5.0899998862296347E-002   7.7224254529726517     
   5.0999998860061166E-002   7.6239093144358456     
   5.1099998857825998E-002   7.5263522092273520     
   5.1199998855590817E-002   7.4297504294298893     
   5.1299998853355649E-002   7.3341002725977411     
   5.1399998851120475E-002   7.2393980418119508     
   5.1499998848885301E-002   7.1456400457344396     
   5.1599998846650126E-002   7.0528225986614315     
   5.1699998844414952E-002   6.9609420205758967     
   5.1799998842179777E-002   6.8699946371992500     
   5.1899998839944603E-002   6.7799767800422002     
   5.1999998837709428E-002   6.6908847864548298     
   5.2099998835474254E-002   6.6027149996758414     
   5.2199998833239079E-002   6.5154637688811086     
   5.2299998831003905E-002   6.4291274492314061     
   5.2399998828768730E-002   6.3437024019194501     
   5.2499998826533556E-002   6.2591849942161977     
   5.2599998824298382E-002   6.1755715995164113     
   5.2699998822063207E-002   6.0928585973835618     
   5.2799998819828033E-002   6.0110423735940337     
   5.2899998817592858E-002   5.9301193201806290     
   5.2999998815357684E-002   5.8500858354754461     
   5.3099998813122509E-002   5.7709383241520840     
   5.3199998810887335E-002   5.6926731972672098     
   5.3299998808652160E-002   5.6152868723015015     
   5.3399998806416986E-002   5.5387757731999665     
   5.3499998804181811E-002   5.4631363304116576     
   5.3599998801946637E-002   5.3883649809287872     
   5.3699998799711463E-002   5.3144581683252143     
   5.3799998797476295E-002   5.2414123427944554     
   5.3899998795241121E-002   5.1692239611869839     
   5.3999998793005946E-002   5.0978894870470768     
   5.4099998790770772E-002   5.0274053906490437     
   5.4199998788535597E-002   4.9577681490329626     
   5.4299998786300423E-002   4.8889742460398109     
   5.4399998784065248E-002   4.8210201723461301     
   5.4499998781830074E-002   4.7539024254981275     
   5.4599998779594899E-002   4.6876175099452810     
   5.4699998777359725E-002   4.6221619370734217     
   5.4799998775124550E-002   4.5575322252373285     
   5.4899998772889376E-002   4.4937248997928201     
   5.4999998770654202E-002   4.4307364931283750     
   5.5099998768419027E-002   4.3685635446962277     
   5.5199998766183853E-002   4.3072026010430458     
   5.5299998763948678E-002   4.2466502158400781     
   5.5399998761713504E-002   4.1869029499129153     
   5.5499998759478329E-002   4.1279573712707061     
   5.5599998757243155E-002   4.0698100551349787     
   5.5699998755007980E-002   4.0124575839679997     
   5.5799998752772806E-002   3.9558965475006942     
   5.5899998750537631E-002   3.9001235427601095     
   5.5999998748302457E-002   3.8451351740964865     
   5.6099998746067282E-002   3.7909280532098530     
   5.6199998743832108E-002   3.7374987991762554     
   5.6299998741596941E-002   3.6848440384735031     
   5.6399998739361766E-002   3.6329604050065685     
   5.6499998737126592E-002   3.5818445401325336     
   5.6599998734891417E-002   3.5314930926851376     
   5.6699998732656243E-002   3.4819027189989282     
   5.6799998730421068E-002   3.4330700829330500     
   5.6899998728185894E-002   3.3849918558945773     
   5.6999998725950719E-002   3.3376647168614944     
   5.7099998723715545E-002   3.2910853524053065     
   5.7199998721480370E-002   3.2452504567132330     
   5.7299998719245196E-002   3.2001567316100434     
   5.7399998717010021E-002   3.1558008865795091     
   5.7499998714774847E-002   3.1121796387855150     
   5.7599998712539673E-002   3.0692897130927483     
   5.7699998710304498E-002   3.0271278420870713     
   5.7799998708069324E-002   2.9856907660955145     
   5.7899998705834149E-002   2.9449752332059078     
   5.7999998703598975E-002   2.9049779992861651     
   5.8099998701363800E-002   2.8656958280032043     
   5.8199998699128626E-002   2.8271254908415444     
   5.8299998696893451E-002   2.7892637671215201     
   5.8399998694658277E-002   2.7521074440171782     
   5.8499998692423102E-002   2.7156533165738339     
   5.8599998690187928E-002   2.6798981877252639     
   5.8699998687952754E-002   2.6448388683105999     
   5.8799998685717586E-002   2.6104721770908523     
   5.8899998683482412E-002   2.5767949407651347     
   5.8999998681247237E-002   2.5438039939865451     
   5.9099998679012063E-002   2.5114961793777022     
   5.9199998676776888E-002   2.4798683475460188     
   5.9299998674541714E-002   2.4489173570985638     
   5.9399998672306539E-002   2.4186400746567087     
   5.9499998670071365E-002   2.3890333748703654     
   5.9599998667836190E-002   2.3600941404319675     
   5.9699998665601016E-002   2.3318192620901184     
   5.9799998663365841E-002   2.3042056386629226     
   5.9899998661130667E-002   2.2772501770510485     
   5.9999998658895493E-002   2.2509497922504100     
   6.0099998656660318E-002   2.2253014073646376     
   6.0199998654425144E-002   2.2003019536171626     
   6.0299998652189969E-002   2.1759483703630744     
   6.0399998649954795E-002   2.1522376051006145     
   6.0499998647719620E-002   2.1291666134824254     
   6.0599998645484446E-002   2.1067323593264833     
   6.0699998643249271E-002   2.0849318146267395     
   6.0799998641014097E-002   2.0637619595634691     
   6.0899998638778922E-002   2.0432197825133493     
   6.0999998636543748E-002   2.0233022800592364     
   6.1099998634308574E-002   2.0040064569996492     
   6.1199998632073399E-002   1.9853293263579890     
   6.1299998629838232E-002   1.9672679093914871     
   6.1399998627603057E-002   1.9498192355998269     
   6.1499998625367883E-002   1.9329803427335521     
   6.1599998623132708E-002   1.9167482768021338     
   6.1699998620897534E-002   1.9011200920818252     
   6.1799998618662359E-002   1.8860928511231927     
   6.1899998616427185E-002   1.8716636247584246     
   6.1999998614192010E-002   1.8578294921083220     
   6.2099998611956836E-002   1.8445875405890644     
   6.2199998609721661E-002   1.8319348659186725     
   6.2299998607486487E-002   1.8198685721232484     
   6.2399998605251313E-002   1.8083857715429155     
   6.2499998603016138E-002   1.7974835848375275     
   6.2599998600780971E-002   1.7871591409920906     
   6.2699998598545789E-002   1.7774095773219614     
   6.2799998596310608E-002   1.7682320394777642     
   6.2899998594075440E-002   1.7596236814500315     
   6.2999998591840273E-002   1.7515816655736838     
   6.3099998589605091E-002   1.7441031625321428     
   6.3199998587369910E-002   1.7371853513612772     
   6.3299998585134742E-002   1.7308254194530497     
   6.3399998582899575E-002   1.7250205625589610     
   6.3499998580664394E-002   1.7197679847932323     
   6.3599998578429212E-002   1.7150648986357198     
   6.3699998576194045E-002   1.7109085249346214     
   6.3799998573958877E-002   1.7072960929089342     
   6.3899998571723710E-002   1.7042248401506606     
   6.3999998569488528E-002   1.7016920126268076     
   6.4099998567253347E-002   1.6996948646811108     
   6.4199998565018179E-002   1.6982306590355467     
   6.4299998562783012E-002   1.6972966667916189     
   6.4399998560547830E-002   1.6968901674314096     
   6.4499998558312649E-002   1.6970084488183801     
   6.4599998556077481E-002   1.6976488071979730     
   6.4699998553842314E-002   1.6988085471979815     
   6.4799998551607133E-002   1.7004849818286696     
   6.4899998549371951E-002   1.7026754324827067     
   6.4999998547136784E-002   1.7053772289348541     
   6.5099998544901616E-002   1.7085877093414465     
   6.5199998542666435E-002   1.7123042202396315     
   6.5299998540431253E-002   1.7165241165464198     
   6.5399998538196086E-002   1.7212447615575091     
   6.5499998535960918E-002   1.7264635269458921     
   6.5599998533725737E-002   1.7321777927602349     
   6.5699998531490555E-002   1.7383849474230939     
   6.5799998529255388E-002   1.7450823877288602     
   6.5899998527020220E-002   1.7522675188415386     
   6.5999998524785039E-002   1.7599377542923149     
   6.6099998522549858E-002   1.7680905159768869     
   6.6199998520314690E-002   1.7767232341526447     
   6.6299998518079523E-002   1.7858333474355992     
   6.6399998515844355E-002   1.7954183027971298     
   6.6499998513609174E-002   1.8054755555605406     
   6.6599998511373992E-002   1.8160025693974071     
   6.6699998509138825E-002   1.8269968163237313     
   6.6799998506903657E-002   1.8384557766958849     
   6.6899998504668476E-002   1.8503769392064084     
   6.6999998502433294E-002   1.8627578008795540     
   6.7099998500198127E-002   1.8755958670666710     
   6.7199998497962959E-002   1.8888886514414209     
   6.7299998495727778E-002   1.9026336759947526     
   6.7399998493492597E-002   1.9168284710297550     
   6.7499998491257429E-002   1.9314705751562751     
   6.7599998489022262E-002   1.9465575352853455     
   6.7699998486787080E-002   1.9620869066235034     
   6.7799998484551899E-002   1.9780562526668586     
   6.7899998482316731E-002   1.9944631451949866     
   6.7999998480081564E-002   2.0113051642646900     
   6.8099998477846382E-002   2.0285798982035383     
   6.8199998475611201E-002   2.0462849436032542     
   6.8299998473376033E-002   2.0644179053129403     
   6.8399998471140866E-002   2.0829763964320911     
   6.8499998468905685E-002   2.1019580383034695     
   6.8599998466670503E-002   2.1213604605058274     
   6.8699998464435336E-002   2.1411813008464131     
   6.8799998462200168E-002   2.1614182053533533     
   6.8899998459965001E-002   2.1820688282678367     
   6.8999998457729819E-002   2.2031308320361660     
   6.9099998455494638E-002   2.2246018873016591     
   6.9199998453259470E-002   2.2464796728963106     
   6.9299998451024303E-002   2.2687618758324137     
   6.9399998448789121E-002   2.2914461912939066     
   6.9499998446553940E-002   2.3145303226276583     
   6.9599998444318772E-002   2.3380119813345486     
   6.9699998442083605E-002   2.3618888870603927     
   6.9799998439848424E-002   2.3861587675867422     
   6.9899998437613242E-002   2.4108193588215343     
   6.9999998435378075E-002   2.4358684047895589     
   7.0099998433142907E-002   2.4613036576227953     
   7.0199998430907726E-002   2.4871228775506387     
   7.0299998428672544E-002   2.5133238328899119     
   7.0399998426437377E-002   2.5399043000348271     
   7.0499998424202209E-002   2.5668620634466714     
   7.0599998421967028E-002   2.5941949156435165     
   7.0699998419731847E-002   2.6219006571896486     
   7.0799998417496679E-002   2.6499770966849492     
   7.0899998415261511E-002   2.6784220507540950     
   7.0999998413026330E-002   2.7072333440356209     
   7.1099998410791149E-002   2.7364088091709116     
   7.1199998408555981E-002   2.7659462867929681     
   7.1299998406320814E-002   2.7958436255151025     
   7.1399998404085646E-002   2.8260986819195160     
   7.1499998401850465E-002   2.8567093205456837     
   7.1599998399615283E-002   2.8876734138786828     
   7.1699998397380116E-002   2.9189888423373773     
   7.1799998395144948E-002   2.9506534942624132     
   7.1899998392909767E-002   2.9826652659042070     
   7.1999998390674586E-002   3.0150220614107166     
   7.2099998388439418E-002   3.0477217928151576     
   7.2199998386204250E-002   3.0807623800235189     
   7.2299998383969069E-002   3.1141417508020606     
   7.2399998381733888E-002   3.1478578407646403     
   7.2499998379498720E-002   3.1819085933599385     
   7.2599998377263553E-002   3.2162919598585331     
   7.2699998375028371E-002   3.2510058993399156     
   7.2799998372793190E-002   3.2860483786794044     
   7.2899998370558022E-002   3.3214173725348801     
   7.2999998368322855E-002   3.3571108633334639     
   7.3099998366087673E-002   3.3931268412580855     
   7.3199998363852492E-002   3.4294633042339484     
   7.3299998361617325E-002   3.4661182579148608     
   7.3399998359382157E-002   3.5030897156694980     
   7.3499998357146976E-002   3.5403756985675239     
   7.3599998354911794E-002   3.5779742353656996     
   7.3699998352676627E-002   3.6158833624937770     
   7.3799998350441459E-002   3.6541011240403574     
   7.3899998348206292E-002   3.6926255717386551     
   7.3999998345971110E-002   3.7314547649521654     
   7.4099998343735929E-002   3.7705867706602101     
   7.4199998341500761E-002   3.8100196634434522     
   7.4299998339265594E-002   3.8497515254691859     
   7.4399998337030412E-002   3.8897804464767249     
   7.4499998334795231E-002   3.9301045237625680     
   7.4599998332560064E-002   3.9707218621655027     
   7.4699998330324896E-002   4.0116305740516331     
   7.4799998328089715E-002   4.0528287792993369     
   7.4899998325854533E-002   4.0943146052841071     
   7.4999998323619366E-002   4.1360861868633600     
   7.5099998321384198E-002   4.1781416663610758     
   7.5199998319149017E-002   4.2204791935524346     
   7.5299998316913835E-002   4.2630969256483855     
   7.5399998314678668E-002   4.3059930272800520     
   7.5499998312443500E-002   4.3491656704830994     
   7.5599998310208319E-002   4.3926130346821139     
   7.5699998307973138E-002   4.4363333066747419     
   7.5799998305737970E-002   4.4803246806159009     
   7.5899998303502803E-002   4.5245853580018327     
   7.5999998301267621E-002   4.5691135476541183     
   7.6099998299032440E-002   4.6139074657036190     
   7.6199998296797272E-002   4.6589653355743579     
   7.6299998294562105E-002   4.7042853879672979     
   7.6399998292326937E-002   4.7498658608440945     
   7.6499998290091756E-002   4.7957049994107557     
   7.6599998287856574E-002   4.8418010561012679     
   7.6699998285621407E-002   4.8881522905611083     
   7.6799998283386239E-002   4.9347569696307501     
   7.6899998281151058E-002   4.9816133673290510     
   7.6999998278915877E-002   5.0287197648366302     
   7.7099998276680709E-002   5.0760744504791830     
   7.7199998274445542E-002   5.1236757197106790     
   7.7299998272210360E-002   5.1715218750965795     
   7.7399998269975179E-002   5.2196112262969416     
   7.7499998267740011E-002   5.2679420900495080     
   7.7599998265504844E-002   5.3165127901527187     
   7.7699998263269662E-002   5.3653216574486606     
   7.7799998261034481E-002   5.4143670298060158     
   7.7899998258799313E-002   5.4636472521028878     
   7.7999998256564146E-002   5.5131606762096315     
   7.8099998254328964E-002   5.5629056609716052     
   7.8199998252093783E-002   5.6128805721919068     
   7.8299998249858616E-002   5.6630837826140237     
   7.8399998247623448E-002   5.7135136719044617     
   7.8499998245388267E-002   5.7641686266353176     
   7.8599998243153085E-002   5.8150470402668244     
   7.8699998240917918E-002   5.8661473131298454     
   7.8799998238682750E-002   5.9174678524082882     
   7.8899998236447583E-002   5.9690070721215633     
   7.8999998234212401E-002   6.0207633931069022     
   7.9099998231977220E-002   6.0727352430017216     
   7.9199998229742052E-002   6.1249210562259302     
   7.9299998227506885E-002   6.1773192739641107     
   7.9399998225271703E-002   6.2299283441477868     
   7.9499998223036522E-002   6.2827467214376291     
   7.9599998220801355E-002   6.3357728672055487     
   7.9699998218566187E-002   6.3890052495168348     
   7.9799998216331006E-002   6.4424423431122122     
   7.9899998214095824E-002   6.4960826293899538     
   7.9999998211860657E-002   6.5499245963878359     
   8.0099998209625489E-002   6.6039667387651440     
   8.0199998207390308E-002   6.6582075577846016     
   8.0299998205155126E-002   6.7126455612943907     
   8.0399998202919959E-002   6.7672792637099448     
   8.0499998200684791E-002   6.8221071859959075     
   8.0599998198449610E-002   6.8771278556479203     
   8.0699998196214429E-002   6.9323398066744861     
   8.0799998193979261E-002   6.9877415795787989     
   8.0899998191744094E-002   7.0433317213404223     
   8.0999998189508912E-002   7.0991087853971315     
   8.1099998187273731E-002   7.1550713316266323     
   8.1199998185038563E-002   7.2112179263282776     
   8.1299998182803396E-002   7.2675471422046929     
   8.1399998180568228E-002   7.3240575583435543     
   8.1499998178333047E-002   7.3807477601991494     
   8.1599998176097865E-002   7.4376163395740882     
   8.1699998173862698E-002   7.4946618946008954     
   8.1799998171627530E-002   7.5518830297235962     
   8.1899998169392349E-002   7.6092783556792938     
   8.1999998167157168E-002   7.6668464894798198     
   8.2099998164922000E-002   7.7245860543932352     
   8.2199998162686833E-002   7.7824956799253577     
   8.2299998160451651E-002   7.8405740018013539     
   8.2399998158216470E-002   7.8988196619472095     
   8.2499998155981302E-002   7.9572313084713073     
   8.2599998153746135E-002   8.0158075956458354     
   8.2699998151510953E-002   8.0745471838883738     
   8.2799998149275786E-002   8.1334487397433346     
   8.2899998147040604E-002   8.1925109358633890     
   8.2999998144805437E-002   8.2517324509910672     
   8.3099998142570256E-002   8.3111119699400717     
   8.3199998140335088E-002   8.3706481835768507     
   8.3299998138099907E-002   8.4303397888019340     
   8.3399998135864739E-002   8.4901854885315053     
   8.3499998133629558E-002   8.5501839916787397     
   8.3599998131394390E-002   8.6103340131353008     
   8.3699998129159209E-002   8.6706342737527340     
   8.3799998126924041E-002   8.7310835003239582     
   8.3899998124688860E-002   8.7916804255646195     
   8.3999998122453692E-002   8.8524237880945993     
   8.4099998120218511E-002   8.9133123324193768     
   8.4199998117983343E-002   8.9743448089115212     
   8.4299998115748162E-002   9.0355199737920611     
   8.4399998113512995E-002   9.0968365891119944     
   8.4499998111277813E-002   9.1582934227336263     
   8.4599998109042646E-002   9.2198892483121284     
   8.4699998106807464E-002   9.2816228452768570     
   8.4799998104572297E-002   9.3434929988128914     
   8.4899998102337115E-002   9.4054984998424391     
   8.4999998100101948E-002   9.4676381450063136     
   8.5099998097866780E-002   9.5299107366453715     
   8.5199998095631599E-002   9.5923150827820045     
   8.5299998093396431E-002   9.6548499971016160     
   8.5399998091161250E-002   9.7175142989340717     
   8.5499998088926082E-002   9.7803068132352315     
   8.5599998086690901E-002   9.8432263705684058     
   8.5699998084455734E-002   9.9062718070859201     
   8.5799998082220552E-002   9.9694419645105690     
   8.5899998079985385E-002   10.032735690117182     
   8.5999998077750203E-002   10.096151836714158     
   8.6099998075515036E-002   10.159689262625017     
   8.6199998073279854E-002   10.223346831669915     
   8.6299998071044687E-002   10.287123413147322     
   8.6399998068809505E-002   10.351017881815480     
   8.6499998066574338E-002   10.415029117874100     
   8.6599998064339156E-002   10.479156006945914     
   8.6699998062103989E-002   10.543397440058385     
   8.6799998059868808E-002   10.607752313625184     
   8.6899998057633640E-002   10.672219529428059     
   8.6999998055398459E-002   10.736797994598344     
   8.7099998053163291E-002   10.801486621598716     
   8.7199998050928110E-002   10.866284328204873     
   8.7299998048692942E-002   10.931190037487294     
   8.7399998046457761E-002   10.996202677792922     
   8.7499998044222593E-002   11.061321182726985     
   8.7599998041987426E-002   11.126544491134702     
   8.7699998039752244E-002   11.191871547083110     
   8.7799998037517077E-002   11.257301299842899     
   8.7899998035281895E-002   11.322832703870198     
   8.7999998033046728E-002   11.388464718788477     
   8.8099998030811547E-002   11.454196309370335     
   8.8199998028576379E-002   11.520026445519514     
   8.8299998026341198E-002   11.585954102252686     
   8.8399998024106030E-002   11.651978259681488     
   8.8499998021870849E-002   11.718097902994428     
   8.8599998019635681E-002   11.784312022438854     
   8.8699998017400500E-002   11.850619613302984     
   8.8799998015165332E-002   11.917019675897976     
   8.8899998012930151E-002   11.983511215539814     
   8.8999998010694983E-002   12.050093242531595     
   8.9099998008459802E-002   12.116764772145448     
   8.9199998006224634E-002   12.183524824604772     
   8.9299998003989453E-002   12.250372425066288     
   8.9399998001754286E-002   12.317306603602315     
   8.9499997999519104E-002   12.384326395182839     
   8.9599997997283937E-002   12.451430839657863     
   8.9699997995048755E-002   12.518618981739554     
   8.9799997992813588E-002   12.585889870984580     
   8.9899997990578406E-002   12.653242561776356     
   8.9999997988343239E-002   12.720676113307473     
   9.0099997986108071E-002   12.788189589561934     
   9.0199997983872890E-002   12.855782059297590     
   9.0299997981637722E-002   12.923452596028582     
   9.0399997979402541E-002   12.991200278007732     
   9.0499997977167373E-002   13.059024188209051     
   9.0599997974932192E-002   13.126923414310195     
   9.0699997972697025E-002   13.194897048675037     
   9.0799997970461843E-002   13.262944188336203     
   9.0899997968226676E-002   13.331063934977651     
   9.0999997965991494E-002   13.399255394917290     
   9.1099997963756327E-002   13.467517679089653     
   9.1199997961521145E-002   13.535849903028550     
   9.1299997959285978E-002   13.604251186849776     
   9.1399997957050796E-002   13.672720655233881     
   9.1499997954815629E-002   13.741257437408896     
   9.1599997952580448E-002   13.809860667133165     
   9.1699997950345280E-002   13.878529482678196     
   9.1799997948110099E-002   13.947263026811481     
   9.1899997945874931E-002   14.016060446779470     
   9.1999997943639750E-002   14.084920894290411     
   9.2099997941404582E-002   14.153843525497383     
   9.2199997939169401E-002   14.222827500981293     
   9.2299997936934233E-002   14.291871985733888     
   9.2399997934699052E-002   14.360976149140789     
   9.2499997932463884E-002   14.430139164964700     
   9.2599997930228717E-002   14.499360211328408     
   9.2699997927993535E-002   14.568638470698042     
   9.2799997925758368E-002   14.637973129866268     
   9.2899997923523187E-002   14.707363379935455     
   9.2999997921288019E-002   14.776808416301073     
   9.3099997919052838E-002   14.846307438634863     
   9.3199997916817670E-002   14.915859650868322     
   9.3299997914582489E-002   14.985464261175920     
   9.3399997912347321E-002   15.055120481958706     
   9.3499997910112140E-002   15.124827529827536     
   9.3599997907876972E-002   15.194584625586813     
   9.3699997905641791E-002   15.264390994217745     
   9.3799997903406623E-002   15.334245864862142     
   9.3899997901171442E-002   15.404148470805858     
   9.3999997898936274E-002   15.474098049462469     
   9.4099997896701093E-002   15.544093842356968     
   9.4199997894465926E-002   15.614135095109464     
   9.4299997892230744E-002   15.684221057418847     
   9.4399997889995577E-002   15.754350983046717     
   9.4499997887760395E-002   15.824524129801080     
   9.4599997885525228E-002   15.894739759520247     
   9.4699997883290046E-002   15.964997138056757     
   9.4799997881054879E-002   16.035295535261248     
   9.4899997878819697E-002   16.105634224966497     
   9.4999997876584530E-002   16.176012484971405     
   9.5099997874349362E-002   16.246429597024981     
   9.5199997872114181E-002   16.316884846810545     
   9.5299997869879013E-002   16.387377523929779     
   9.5399997867643832E-002   16.457906921886881     
   9.5499997865408665E-002   16.528472338072838     
   9.5599997863173483E-002   16.599073073749565     
   9.5699997860938316E-002   16.669708434034323     
   9.5799997858703134E-002   16.740377727883899     
   9.5899997856467967E-002   16.811080268079085     
   9.5999997854232785E-002   16.881815371208980     
   9.6099997851997618E-002   16.952582357655494     
   9.6199997849762436E-002   17.023380551577823     
   9.6299997847527269E-002   17.094209280896948     
   9.6399997845292087E-002   17.165067877280180     
   9.6499997843056920E-002   17.235955676125823     
   9.6599997840821739E-002   17.306872016547736     
   9.6699997838586571E-002   17.377816241360073     
   9.6799997836351390E-002   17.448787697061963     
   9.6899997834116222E-002   17.519785733822332     
   9.6999997831881041E-002   17.590809705464590     
   9.7099997829645873E-002   17.661858969451625     
   9.7199997827410692E-002   17.732932886870550     
   9.7299997825175524E-002   17.804030822417737     
   9.7399997822940343E-002   17.875152144383648     
   9.7499997820705175E-002   17.946296224638015     
   9.7599997818470008E-002   18.017462438614757     
   9.7699997816234826E-002   18.088650165297061     
   9.7799997813999659E-002   18.159858787202619     
   9.7899997811764478E-002   18.231087690368732     
   9.7999997809529310E-002   18.302336264337466     
   9.8099997807294129E-002   18.373603902141028     
   9.8199997805058961E-002   18.444890000286982     
   9.8299997802823780E-002   18.516193958743553     
   9.8399997800588612E-002   18.587515180925113     
   9.8499997798353431E-002   18.658853073677495     
   9.8599997796118263E-002   18.730207047263537     
   9.8699997793883082E-002   18.801576515348497     
   9.8799997791647914E-002   18.872960894985688     
   9.8899997789412733E-002   18.944359606601978     
   9.8999997787177565E-002   19.015772073983520     
   9.9099997784942384E-002   19.087197724261273     
   9.9199997782707217E-002   19.158635987896876     
   9.9299997780472035E-002   19.230086298668304     
   9.9399997778236868E-002   19.301548093655693     
   9.9499997776001686E-002   19.373020813227146     
   9.9599997773766519E-002   19.444503901024667     
   9.9699997771531337E-002   19.515996803950038     
   9.9799997769296170E-002   19.587498972150787     
   9.9899997767060988E-002   19.659009859006211     
   9.9999997764825821E-002   19.730528921113436     
  0.10009999776259065        19.802055618273467     
  0.10019999776035547        19.873589413477312     
  0.10029999775812030        19.945129772892237     
  0.10039999775588512        20.016676165847894     
  0.10049999775364996        20.088228064822630     
  0.10059999775141477        20.159784945429770     
  0.10069999774917961        20.231346286403948     
  0.10079999774694443        20.302911569587479     
  0.10089999774470926        20.374480279916909     
  0.10099999774247408        20.446051905409284     
  0.10109999774023891        20.517625937148821     
  0.10119999773800373        20.589201869273374     
  0.10129999773576856        20.660779198961116     
  0.10139999773353338        20.732357426417064     
  0.10149999773129821        20.803936054859868     
  0.10159999772906303        20.875514590508452     
  0.10169999772682786        20.947092542568829     
  0.10179999772459268        21.018669423220899     
  0.10189999772235751        21.090244747605283     
  0.10199999772012233        21.161818033810221     
  0.10209999771788716        21.233388802858517     
  0.10219999771565198        21.304956578694512     
  0.10229999771341682        21.376520888171100     
  0.10239999771118163        21.448081261036766     
  0.10249999770894647        21.519637229922722     
  0.10259999770671130        21.591188330330048     
  0.10269999770447612        21.662734100616841     
  0.10279999770224095        21.734274081985525     
  0.10289999770000577        21.805807818470015     
  0.10299999769777060        21.877334856923120     
  0.10309999769553542        21.948854747003836     
  0.10319999769330025        22.020367041164796     
  0.10329999769106507        22.091871294639667     
  0.10339999768882990        22.163367065430634     
  0.10349999768659472        22.234853914295979     
  0.10359999768435955        22.306331404737570     
  0.10369999768212437        22.377799102988469     
  0.10379999767988921        22.449256578000679     
  0.10389999767765402        22.520703401432698     
  0.10399999767541886        22.592139147637369     
  0.10409999767318368        22.663563393649561     
  0.10419999767094851        22.734975719174066     
  0.10429999766871333        22.806375706573355     
  0.10439999766647816        22.877762940855611     
  0.10449999766424298        22.949137009662522     
  0.10459999766200781        23.020497503257374     
  0.10469999765977263        23.091844014513025     
  0.10479999765753746        23.163176138899964     
  0.10489999765530228        23.234493474474412     
  0.10499999765306711        23.305795621866551     
  0.10509999765083194        23.377082184268552     
  0.10519999764859676        23.448352767422957     
  0.10529999764636160        23.519606979610895     
  0.10539999764412641        23.590844431640345     
  0.10549999764189125        23.662064736834580     
  0.10559999763965607        23.733267511020433     
  0.10569999763742090        23.804452372516913     
  0.10579999763518572        23.875618942123459     
  0.10589999763295055        23.946766843108676     
  0.10599999763071537        24.017895701198697     
  0.10609999762848020        24.089005144565959     
  0.10619999762624502        24.160094803817675     
  0.10629999762400985        24.231164311984639     
  0.10639999762177467        24.302213304509852     
  0.10649999761953950        24.373241419237381     
  0.10659999761730432        24.444248296401039     
  0.10669999761506915        24.515233578613341     
  0.10679999761283397        24.586196910854291     
  0.10689999761059880        24.657137940460405     
  0.10699999760836362        24.728056317113502     
  0.10709999760612846        24.798951692829952     
  0.10719999760389327        24.869823721949452     
  0.10729999760165811        24.940672061124296     
  0.10739999759942293        25.011496369308446     
  0.10749999759718776        25.082296307746653     
  0.10759999759495259        25.153071539963666     
  0.10769999759271741        25.223821731753532     
  0.10779999759048224        25.294546551168803     
  0.10789999758824706        25.365245668509907     
  0.10799999758601189        25.435918756314464     
  0.10809999758377671        25.506565489346720     
  0.10819999758154154        25.577185544586975     
  0.10829999757930636        25.647778601221027     
  0.10839999757707119        25.718344340629738     
  0.10849999757483601        25.788882446378544     
  0.10859999757260085        25.859392604207130     
  0.10869999757036566        25.929874502018919     
  0.10879999756813050        26.000327829870891     
  0.10889999756589532        26.070752279963187     
  0.10899999756366015        26.141147546628972     
  0.10909999756142497        26.211513326324045     
  0.10919999755918980        26.281849317616874     
  0.10929999755695462        26.352155221178304     
  0.10939999755471945        26.422430739771556     
  0.10949999755248427        26.492675578242071     
  0.10959999755024910        26.562889443507615     
  0.10969999754801392        26.633072044548182     
  0.10979999754577875        26.703223092396133     
  0.10989999754354357        26.773342300126213     
  0.10999999754130840        26.843429382845777     
  0.11009999753907324        26.913484057684869     
  0.11019999753683805        26.983506043786491     
  0.11029999753460289        27.053495062296825     
  0.11039999753236771        27.123450836355470     
  0.11049999753013254        27.193373091085924     
  0.11059999752789736        27.263261553585693     
  0.11069999752566219        27.333115952916931     
  0.11079999752342701        27.402936020096675     
  0.11089999752119184        27.472721488087480     
  0.11099999751895666        27.542472091787776     
  0.11109999751672149        27.612187568022556     
  0.11119999751448631        27.681867655533807     
  0.11129999751225114        27.751512094971275     
  0.11139999751001596        27.821120628882987     
  0.11149999750778079        27.890693001706051     
  0.11159999750554561        27.960228959757320     
  0.11169999750331044        28.029728251224157     
  0.11179999750107526        28.099190626155256     
  0.11189999749884010        28.168615836451483     
  0.11199999749660491        28.238003635856717     
  0.11209999749436975        28.307353779948805     
  0.11219999749213456        28.376666026130444     
  0.11229999748989940        28.445940133620226     
  0.11239999748766422        28.515175863443602     
  0.11249999748542905        28.584372978424014     
  0.11259999748319388        28.653531243173841     
  0.11269999748095870        28.722650424085664     
  0.11279999747872353        28.791730289323375     
  0.11289999747648835        28.860770608813301     
  0.11299999747425318        28.929771154235603     
  0.11309999747201800        28.998731699015309     
  0.11319999746978283        29.067652018313865     
  0.11329999746754765        29.136531889020233     
  0.11339999746531249        29.205371089742449     
  0.11349999746307730        29.274169400798897     
  0.11359999746084214        29.342926604209865     
  0.11369999745860696        29.411642483688865     
  0.11379999745637179        29.480316824634318     
  0.11389999745413661        29.548949414120948     
  0.11399999745190144        29.617540040891456     
  0.11409999744966626        29.686088495348066     
  0.11419999744743109        29.754594569544246     
  0.11429999744519591        29.823058057176290     
  0.11439999744296074        29.891478753575115     
  0.11449999744072556        29.959856455697949     
  0.11459999743849039        30.028190962120185     
  0.11469999743625521        30.096482073027083     
  0.11479999743402004        30.164729590205745     
  0.11489999743178486        30.232933317036895     
  0.11499999742954969        30.301093058486895     
  0.11509999742731453        30.369208621099556     
  0.11519999742507935        30.437279812988233     
  0.11529999742284418        30.505306443827820     
  0.11539999742060900        30.573288324846764     
  0.11549999741837383        30.641225268819156     
  0.11559999741613865        30.709117090056893     
  0.11569999741390348        30.776963604401722     
  0.11579999741166830        30.844764629217529     
  0.11589999740943313        30.912519983382488     
  0.11599999740719795        30.980229487281296     
  0.11609999740496278        31.047892962797516     
  0.11619999740272760        31.115510233305777     
  0.11629999740049243        31.183081123664252     
  0.11639999739825725        31.250605460206884     
  0.11649999739602208        31.318083070735952     
  0.11659999739378690        31.385513784514281     
  0.11669999739155174        31.452897432257991     
  0.11679999738931655        31.520233846128747     
  0.11689999738708139        31.587522859726484     
  0.11699999738484620        31.654764308081784     
  0.11709999738261104        31.721958027648640     
  0.11719999738037586        31.789103856296975     
  0.11729999737814069        31.856201633305361     
  0.11739999737590551        31.923251199353622     
  0.11749999737367034        31.990252396515661     
  0.11759999737143517        32.057205068252145     
  0.11769999736919999        32.124109059403239     
  0.11779999736696482        32.190964216181584     
  0.11789999736472964        32.257770386164907     
  0.11799999736249447        32.324527418289101     
  0.11809999736025929        32.391235162840978     
  0.11819999735802413        32.457893471451321     
  0.11829999735578894        32.524502197087742     
  0.11839999735355378        32.591061194047725     
  0.11849999735131860        32.657570317951674     
  0.11859999734908343        32.724029425735914     
  0.11869999734684825        32.790438375645806     
  0.11879999734461308        32.856797027228822     
  0.11889999734237790        32.923105241327775     
  0.11899999734014273        32.989362880073841     
  0.11909999733790755        33.055569806879902     
  0.11919999733567238        33.121725886433744     
  0.11929999733343720        33.187830984691217     
  0.11939999733120203        33.253884968869706     
  0.11949999732896685        33.319887707441232     
  0.11959999732673168        33.385839070125982     
  0.11969999732449650        33.451738927885572     
  0.11979999732226133        33.517587152916512     
  0.11989999732002615        33.583383618643595     
