           1   4.53999324E-04   2.19794759E-03
           2   2.26999656E-03   5.14242193E-03
           3   7.56665552E-03   1.08865080E-02
           4   1.89166367E-02   2.08535511E-02
           5   3.78332734E-02   3.61444801E-02
           6   6.30554631E-02   5.66858277E-02
           7   9.00792256E-02   8.04410130E-02
           8  0.112599030      0.103288315    
           9  0.125110045      0.120003901    
          10  0.125110045      0.126156628    
          11  0.113736391      0.120003901    
          12   9.47803333E-02  0.103288315    
          13   7.29079470E-02   8.04410130E-02
          14   5.20771071E-02   5.66858277E-02
          15   3.47180739E-02   3.61444801E-02
          16   2.16987971E-02   2.08535511E-02
          17   1.27639966E-02   1.08865080E-02
          18   7.09110964E-03   5.14242193E-03
          19   3.73216276E-03   2.19794759E-03
          20   1.86608138E-03   8.50036682E-04
