           1  0.367879450    
           2  0.183939725    
           3   6.13132417E-02
           4   1.53283104E-02
           5   3.06566223E-03
           6   5.10943704E-04
           7   7.29919557E-05
           8   9.12399446E-06
           9   1.01377714E-06
          10   1.01377715E-07
          11   9.21615584E-09
          12   7.68012931E-10
          13   5.90779231E-11
          14   4.21985190E-12
          15   2.81323467E-13
          16   1.75827167E-14
          17   1.03427742E-15
          18   5.74598498E-17
          19   3.02420293E-18
          20   1.51210141E-19
