           1  0.149361193    
           2  0.224041805    
           3  0.224041805    
           4  0.168031350    
           5  0.100818813    
           6   5.04094064E-02
           7   2.16040313E-02
           8   8.10151175E-03
           9   2.70050392E-03
          10   8.10151163E-04
          11   2.20950315E-04
          12   5.52375786E-05
          13   1.27471340E-05
          14   2.73152864E-06
          15   5.46305785E-07
          16   1.02432331E-07
          17   1.80762925E-08
          18   3.01271541E-09
          19   4.75691930E-10
          20   7.13537771E-11
